[ 4.055005932268593e+02  3.609264729666793e+03  2.341358700018625e-06
  3.124783534127133e-06  6.211576602064244e+00  7.993641244783292e-02
  5.913048308320807e+05  1.166668881824595e+04  1.746560970735533e+01
  2.102077732416004e-06  1.464272898375165e-06  1.215573999589749e-01
 -4.188077443571018e-09  5.480588678590404e-06  4.707303237441361e-06
 -1.137560930451010e-15 -2.678339579213180e-18 -3.674668476000831e-16
  2.669668508682277e-01  6.894979786111335e-02  7.664119427819620e-03
  5.650450551332371e-02  1.047627840108901e-01  3.849344189293711e-06
  1.332841408581427e-05  1.689692249364342e-06  3.978559177026664e+04
  6.587987676904848e+05  3.561202547861921e-04  5.242349551894055e-02
  2.507667431847840e-03  4.824038772481477e+01  2.428695565491004e+02
  4.282068312338399e+00  3.094545990039539e+02 -1.296330667007218e-02
  4.642485060452166e-09 -1.401269484525620e-03 -7.808890202797021e+00
  2.852457759144496e+00  6.034734740924886e+01  2.414650875675894e-01
  1.124415092515690e+04  5.369264597425237e+09  4.019173895600405e-01
  3.482209465875906e-01  2.705892211043085e-01  6.042223619364089e-01
  1.189018885460890e-10  2.290114668729602e-10  2.378162154372037e-14
  3.633977237556607e-02  8.333489865491084e+01  6.719161123075520e-01
  4.687637929240739e+02  2.604514425642704e-08  1.199305618819000e-08
  1.471540438059244e-10  2.914536004912588e-09  9.852974272549841e+04
  1.011639348304969e+05  3.331248847456123e-05  9.841866248453440e-03
  2.152417431955251e+01  2.119976884574338e-02  4.154103808460136e-02
  2.730875778110423e-10  2.052083843395244e-10  6.353627602077068e-03
  2.485381175546632e-04  1.046286082358488e-02  1.148051141595753e-02
  6.697859241151083e-02  3.690417431876519e-02  3.007441809274565e-02
  2.464527267761223e+01  2.854550527489505e+02  2.863448795855081e+02
  2.863448795855081e+02  2.863448795855081e+02  6.030001768281389e+00
  3.853790826060037e-01  4.551904960318572e-11  9.294746633465355e-10
  1.337090671344904e-08  7.473986878062488e-10  1.767673740840407e-12
  1.129441164199581e-08  1.919752917885764e+08  2.042340060665013e+08
  1.267715544888496e+06  2.749760080187609e-10  5.848014496608971e-10
  1.893915755731666e-11  1.555097427527192e-11  2.994319523446506e-10
  1.686723462987440e-12]
