[ 3.791730303000280e+02  3.557335916707036e+03  2.330498334271298e-06
  3.144540295478934e-06  6.202068335259573e+00  7.924786617171951e-02
  5.889832720683160e+05  1.165419669938497e+04  1.747045786958785e+01
  2.095081137176435e-06  1.466160683273656e-06  1.215459910599405e-01
 -4.203104619750553e-09  5.509887750033190e-06  4.704170092927865e-06
 -1.136981724575852e-15 -2.668680266474849e-18 -3.661726003934002e-16
  2.673282595236255e-01  6.884511091888841e-02  7.585304257584352e-03
  5.655128524071958e-02  1.048416454995192e-01  3.844488447114434e-06
  1.333272248415079e-05  1.686048634467523e-06  3.976209120542667e+04
  6.577898608511814e+05  3.615676345926732e-04  5.385578454071936e-02
  2.507619922418961e-03  4.823990798324776e+01  2.428695708300102e+02
  4.282368532664010e+00  3.094674442898371e+02 -1.288666639806758e-02
  4.643385523514932e-09 -1.401398774845079e-03 -7.794306397632969e+00
  2.855825051497138e+00  6.034798774950861e+01  2.413538202756108e-01
  1.124415337793390e+04  5.402961561890432e+09  4.017788444245836e-01
  3.477834323071414e-01  2.709240415717429e-01  6.034906124146244e-01
  1.189318967436015e-10  2.288510480412035e-10  2.384828555102350e-14
  3.633922415061876e-02  8.335698149253997e+01  6.719166605324993e-01
  4.690111644277923e+02  2.592585181535523e-08  1.204873916972717e-08
  1.500901713126553e-10  2.917950277514749e-09  9.852974204245341e+04
  1.011639836658064e+05  3.332139030125608e-05  9.841349772289095e-03
  2.151942464559692e+01  2.119931776397922e-02  4.154113727381199e-02
  2.733916723479866e-10  2.053833749511632e-10  6.386588998275218e-03
  2.680084705797105e-04  1.050492519582905e-02  1.147612326111677e-02
  6.694377554460905e-02  3.681162929527038e-02  3.013214624933867e-02
  2.464524286700692e+01  2.854542619244915e+02  2.863441485090337e+02
  2.863441485090337e+02  2.863441485090337e+02  6.029315785290560e+00
  3.855376642983517e-01  4.555895057632403e-11  9.282466700472366e-10
  1.333395191693159e-08  7.476572210236890e-10  1.769939969295955e-12
  1.130562106833033e-08  1.920088715253871e+08  2.040662379452263e+08
  1.267346617083846e+06  2.752489086964121e-10  5.846848772377569e-10
  1.891687348656861e-11  1.554983282856916e-11  2.981945976861795e-10
  1.685157839101687e-12]
