[ 3.879742262704175e+02  3.637784320544995e+03  2.347703459093978e-06
  3.126581088466585e-06  6.217511500070791e+00  7.972017594856483e-02
  5.937855701550961e+05  1.162967070571519e+04  1.747398577596431e+01
  2.099494033244013e-06  1.468247054234187e-06  1.215594179801045e-01
 -4.202369344114170e-09  5.490162494574820e-06  4.691987845680438e-06
 -1.135395249194046e-15 -2.669016123745872e-18 -3.671943488030553e-16
  2.671002629689397e-01  6.897792143531929e-02  7.637842711962021e-03
  5.650840219297710e-02  1.049069740687351e-01  3.830155517801322e-06
  1.330433693670242e-05  1.682500023461652e-06  3.964640758250467e+04
  6.608937095586995e+05  3.582362563695040e-04  5.294711407406062e-02
  2.507681080897424e-03  4.823924364315313e+01  2.428695265082020e+02
  4.282084973153046e+00  3.094633482176981e+02 -1.261364971239473e-02
  4.648961101165526e-09 -1.400935611579498e-03 -7.720187173605041e+00
  2.851919907147780e+00  6.034514761233515e+01  2.414165302089102e-01
  1.124415243769161e+04  5.387216579595556e+09  4.019756743742358e-01
  3.483904371530974e-01  2.708417479845187e-01  6.037154421309039e-01
  1.188472802228251e-10  2.289479700090457e-10  2.384777642497400e-14
  3.633958012206088e-02  8.333130552096777e+01  6.719163045610571e-01
  4.682924857069248e+02  2.603513038253591e-08  1.203847571474821e-08
  1.508681091701362e-10  2.935372007451346e-09  9.852974075609201e+04
  1.011639093609231e+05  3.331093725617481e-05  9.842504133234458e-03
  2.149784825785454e+01  2.120051205181189e-02  4.154105049469575e-02
  2.731415466976479e-10  2.055110503639213e-10  6.359225275070136e-03
  2.622891612925982e-04  1.053244355634601e-02  1.151225245462647e-02
  6.701387066865536e-02  3.688845982915571e-02  3.012541083949965e-02
  2.464504555362152e+01  2.854554906689868e+02  2.863452503307121e+02
  2.863452503307121e+02  2.863452503307121e+02  6.029598943041578e+00
  3.856433459935922e-01  4.552865992851160e-11  9.269150424904565e-10
  1.330768872642770e-08  7.474255612457846e-10  1.771200208256336e-12
  1.129899325341212e-08  1.920827531404024e+08  2.042521985062760e+08
  1.266595412668276e+06  2.750968742483014e-10  5.849302527948778e-10
  1.893964598122445e-11  1.554612645982713e-11  2.984431614020580e-10
  1.681743523180953e-12]
