[ 3.986789969093820e+02  3.649072751257979e+03  2.287613244223162e-06
  3.097432119878628e-06  6.217124042986701e+00  8.018060660169875e-02
  5.975814744824280e+05  1.165532431696107e+04  1.747263176013992e+01
  2.099085163326598e-06  1.472140545882832e-06  1.216173267617273e-01
 -4.202671704727789e-09  5.510842575205570e-06  4.693448648367215e-06
 -1.138965832802467e-15 -2.678427872171903e-18 -3.674204337187607e-16
  2.672141647161319e-01  6.898172866232498e-02  7.698241394483793e-03
  5.642916685822652e-02  1.048912546590960e-01  3.822131121728135e-06
  1.335039051700163e-05  1.680650100944495e-06  3.978596270945330e+04
  6.593932485683566e+05  3.564940504868503e-04  5.246762357214745e-02
  2.507665974906755e-03  4.824060880311795e+01  2.428693960027508e+02
  4.282202176067685e+00  3.094667893236033e+02 -1.286704657154485e-02
  4.661121892601001e-09 -1.401339223372185e-03 -7.785428077439344e+00
  2.853536292802976e+00  6.034527820128404e+01  2.414250964441386e-01
  1.124415103914867e+04  5.384442745586727e+09  4.016420229746970e-01
  3.485588251788167e-01  2.708331579200000e-01  6.037724098729531e-01
  1.187853732200876e-10  2.290675684236337e-10  2.380420742257728e-14
  3.633910398258928e-02  8.340526736753367e+01  6.719167807005287e-01
  4.680874167226243e+02  2.604621955351269e-08  1.197460979608004e-08
  1.480499466100246e-10  2.928627731331391e-09  9.852974618272149e+04
  1.011639566127832e+05  3.334052937106012e-05  9.840837488313329e-03
  2.152533283609341e+01  2.119889756150591e-02  4.154110565365208e-02
  2.732343690887242e-10  2.057766961143149e-10  6.351800160171148e-03
  2.655796093057235e-04  1.051199219818955e-02  1.147981598194261e-02
  6.713011283862884e-02  3.682740080544514e-02  3.030271203318370e-02
  2.464566797749260e+01  2.854548983158128e+02  2.863452465584432e+02
  2.863452465584432e+02  2.863452465584432e+02  6.030849743008122e+00
  3.854751181736850e-01  4.552465653716565e-11  9.279393881410843e-10
  1.333017234141790e-08  7.472090910495474e-10  1.766972869964065e-12
  1.129764556227414e-08  1.919892159255122e+08  2.039505885370843e+08
  1.267007623118771e+06  2.750324454100492e-10  5.847713085047784e-10
  1.893664038211475e-11  1.555630808481101e-11  2.977553213974001e-10
  1.684832201779663e-12]
