[ 3.800344527544008e+02  3.616089187605332e+03  2.361964312185630e-06
  3.132791582763707e-06  6.227201497712231e+00  7.931865259025368e-02
  5.886273547979515e+05  1.163391885640938e+04  1.747738714720668e+01
  2.103978528856994e-06  1.456201908428777e-06  1.216448045205675e-01
 -4.188398281982667e-09  5.484960855436248e-06  4.710415373793581e-06
 -1.136023327032959e-15 -2.668188269770194e-18 -3.678701906562938e-16
  2.667796239666836e-01  6.905354620652587e-02  7.606993492337791e-03
  5.634336130523660e-02  1.047326562439898e-01  3.832929228045503e-06
  1.325279576011723e-05  1.688679134681350e-06  3.965517373589279e+04
  6.540225013142556e+05  3.562229228429094e-04  5.245013198761483e-02
  2.507734720303603e-03  4.824028941114595e+01  2.428694272585356e+02
  4.282176549474888e+00  3.094592919585439e+02 -1.278083681601500e-02
  4.645942596790690e-09 -1.401991994728071e-03 -7.768711839500730e+00
  2.855112528232636e+00  6.034847515254930e+01  2.413681582442070e-01
  1.124414562265344e+04  5.330412486988409e+09  4.013051148321770e-01
  3.480948338046581e-01  2.707085742840121e-01  6.033185012731070e-01
  1.187689339975156e-10  2.287666893779717e-10  2.377469554213150e-14
  3.633973809759190e-02  8.339122349787029e+01  6.719161465855261e-01
  4.688402767612089e+02  2.601089437817565e-08  1.194652022864893e-08
  1.476675234363951e-10  2.932572568857340e-09  9.852975076117630e+04
  1.011639763784053e+05  3.333492302208052e-05  9.841080676498359e-03
  2.151579309349402e+01  2.120025012345995e-02  4.154120958953107e-02
  2.731056356662838e-10  2.058531098325664e-10  6.411107995558860e-03
  2.661938624534344e-04  1.054511150658791e-02  1.150994168240089e-02
  6.692559111152080e-02  3.687158586827737e-02  3.005400524324342e-02
  2.464630493180807e+01  2.854552130002748e+02  2.863450786431164e+02
  2.863450786431164e+02  2.863450786431164e+02  6.030042963866450e+00
  3.851196196682104e-01  4.558852133212885e-11  9.316873562275092e-10
  1.339112441317937e-08  7.478887422604786e-10  1.770102379082320e-12
  1.131017763475876e-08  1.922307200404229e+08  2.040352224846037e+08
  1.269249159427626e+06  2.754838881289934e-10  5.858853518341354e-10
  1.895628474383216e-11  1.555822997721604e-11  2.985774908558302e-10
  1.681231628263677e-12]
