[ 3.938883984503221e+02  3.526223003411035e+03  2.297652896961787e-06
  3.099185018471122e-06  6.203515436502999e+00  7.988077900579467e-02
  5.932177859395277e+05  1.170344815182034e+04  1.746834166437965e+01
  2.106633886923490e-06  1.468125573703731e-06  1.215822458802277e-01
 -4.199612309531279e-09  5.502029918419878e-06  4.722327462514098e-06
 -1.136515406265115e-15 -2.674614820951099e-18 -3.663719641665654e-16
  2.674205773283201e-01  6.885542948133780e-02  7.659429152311628e-03
  5.632075637096349e-02  1.047725143476215e-01  3.837431281685509e-06
  1.334551638787401e-05  1.688424618084007e-06  3.988497468565033e+04
  6.659141098830454e+05  3.599572239079658e-04  5.343713236338189e-02
  2.507687212867969e-03  4.824167929937797e+01  2.428693687839677e+02
  4.282049483278326e+00  3.094624479348686e+02 -1.279759429419769e-02
  4.627578373737507e-09 -1.401111899560469e-03 -7.777167937554323e+00
  2.855770373151155e+00  6.034440699879871e+01  2.415414687266364e-01
  1.124414536371671e+04  5.434724007424296e+09  4.012895576402273e-01
  3.476290986455718e-01  2.705879585727123e-01  6.027105707911985e-01
  1.187242118160989e-10  2.288122373946483e-10  2.380048904103904e-14
  3.633906248315140e-02  8.337100553079888e+01  6.719168221999666e-01
  4.687245395904079e+02  2.605321933467471e-08  1.196502898588020e-08
  1.508647042747484e-10  2.920060667695417e-09  9.852974663270768e+04
  1.011639179117170e+05  3.332688222364948e-05  9.842081419729488e-03
  2.150071366847735e+01  2.119895452119163e-02  4.154090390568863e-02
  2.732181470492359e-10  2.057642367903867e-10  6.369080566178815e-03
  2.744776666365996e-04  1.050184166555815e-02  1.149413734391137e-02
  6.706147153062922e-02  3.694249801235496e-02  3.011897351827426e-02
  2.464559598630311e+01  2.854560720003287e+02  2.863460974965944e+02
  2.863460974965944e+02  2.863460974965944e+02  6.030265388565948e+00
  3.851629015718865e-01  4.553912361243317e-11  9.272827974711792e-10
  1.332031682150488e-08  7.478272433484986e-10  1.771522611876912e-12
  1.130668311755103e-08  1.921554003385206e+08  2.043421604624633e+08
  1.267341348997411e+06  2.751474153416668e-10  5.849558910053300e-10
  1.895796493003383e-11  1.555197942330017e-11  2.995473737611855e-10
  1.684684704766416e-12]
