[ 3.847676727892070e+02  3.527368515454458e+03  2.334114656908223e-06
  3.117113779555190e-06  6.215179646596440e+00  7.921277926311890e-02
  5.875533443979697e+05  1.164091181508047e+04  1.747093628683882e+01
  2.101369439174783e-06  1.455656815740633e-06  1.216343373888802e-01
 -4.199623014764465e-09  5.495004407360824e-06  4.707274953439890e-06
 -1.139149266316254e-15 -2.674756969371789e-18 -3.665650302513049e-16
  2.669618391092542e-01  6.895546900998589e-02  7.585871646091963e-03
  5.612093558287599e-02  1.046064877336164e-01  3.841208780780533e-06
  1.333141062703900e-05  1.683212598851350e-06  3.965231289044899e+04
  6.578052304955007e+05  3.583882845878873e-04  5.304945359814568e-02
  2.507727984975757e-03  4.824126342642971e+01  2.428693881881170e+02
  4.282163008895282e+00  3.094603501460168e+02 -1.270475151304481e-02
  4.643804325763458e-09 -1.399526880234530e-03 -7.741215244912580e+00
  2.849867365438473e+00  6.034594724324223e+01  2.413445401207095e-01
  1.124414894396133e+04  5.371400201880736e+09  4.016400311519970e-01
  3.482448045250061e-01  2.710786995067936e-01  6.033880601406185e-01
  1.189033769804119e-10  2.288796685551075e-10  2.385483664496373e-14
  3.633952843561418e-02  8.336701891201724e+01  6.719163562475039e-01
  4.689319766191545e+02  2.604585161236490e-08  1.202042438563038e-08
  1.511331565620320e-10  2.918307942939181e-09  9.852974852804634e+04
  1.011639230373423e+05  3.332530724195204e-05  9.841822059253071e-03
  2.152289385815945e+01  2.119768631902992e-02  4.154119529097043e-02
  2.731079725579923e-10  2.052210064050541e-10  6.359804698406872e-03
  2.721903614059983e-04  1.046018558354619e-02  1.138593009733104e-02
  6.698436380477443e-02  3.687531106813794e-02  3.010905273663650e-02
  2.464582662962491e+01  2.854549580218680e+02  2.863440104280657e+02
  2.863440104280657e+02  2.863440104280657e+02  6.029185326998349e+00
  3.855283459453791e-01  4.558547993981095e-11  9.316323716389916e-10
  1.339513144274820e-08  7.475418491653193e-10  1.772107522132991e-12
  1.130820863761985e-08  1.922964700667693e+08  2.041401699176022e+08
  1.268675161521630e+06  2.756231132428292e-10  5.851756454020242e-10
  1.893552236351485e-11  1.554911565238792e-11  2.988210867613099e-10
  1.685156696070502e-12]
