[ 3.883457673498452e+02  3.669426216562524e+03  2.315351311736309e-06
  3.151880995138289e-06  6.212308614908639e+00  8.092328468207005e-02
  5.959706977081341e+05  1.163399963406768e+04  1.747093732166053e+01
  2.092518698770246e-06  1.477700980601834e-06  1.216933878993080e-01
 -4.225116460499171e-09  5.528833601656294e-06  4.718636150308087e-06
 -1.137490825602453e-15 -2.669804678556940e-18 -3.702119185793525e-16
  2.669995302095909e-01  6.897851541233872e-02  7.742415725160860e-03
  5.616896666393890e-02  1.048896179249942e-01  3.827257955222762e-06
  1.333163913342755e-05  1.672979260252048e-06  3.972170304567820e+04
  6.647419170547083e+05  3.566307307598695e-04  5.251043862911434e-02
  2.507658263573003e-03  4.824110864472235e+01  2.428695028812528e+02
  4.282264483733302e+00  3.094586792006393e+02 -1.264968175915129e-02
  4.638043219973931e-09 -1.400308189012776e-03 -7.731213107361105e+00
  2.853599013456791e+00  6.034440756578412e+01  2.414305912125894e-01
  1.124415157296328e+04  5.434753049012766e+09  4.015668012497704e-01
  3.493956351675820e-01  2.704817238401004e-01  6.041916128916935e-01
  1.187146707766409e-10  2.288170115921225e-10  2.387121789847516e-14
  3.633944858351913e-02  8.337200316352134e+01  6.719164360995988e-01
  4.686618815233546e+02  2.614086282979468e-08  1.210279814636437e-08
  1.521430136576521e-10  2.919790424753732e-09  9.852974591523076e+04
  1.011639403906600e+05  3.332709618060605e-05  9.841612933050782e-03
  2.152164852861959e+01  2.119816527106077e-02  4.154112261021182e-02
  2.731384807500462e-10  2.061457268456795e-10  6.349894263421590e-03
  2.774358570885722e-04  1.044764897883853e-02  1.146186967276373e-02
  6.703438283003832e-02  3.664397566303634e-02  3.039040716700196e-02
  2.464533203623206e+01  2.854566509077136e+02  2.863472971533033e+02
  2.863472971533033e+02  2.863472971533033e+02  6.029900297152209e+00
  3.857324984138815e-01  4.555032272315434e-11  9.274845267647375e-10
  1.331996174773238e-08  7.473776260724549e-10  1.767617619159483e-12
  1.129668819289681e-08  1.920961753661935e+08  2.040361267984506e+08
  1.266727180746038e+06  2.751728025648960e-10  5.850506663261803e-10
  1.895783217282858e-11  1.555634499269426e-11  2.978634945027782e-10
  1.686039339943095e-12]
