[ 4.090715071794019e+02  3.455772992317382e+03  2.355448883651281e-06
  3.138801290217352e-06  6.207106695102410e+00  8.026992209819531e-02
  5.953402834486670e+05  1.167119678889235e+04  1.747239896416600e+01
  2.101596030490910e-06  1.474247849090856e-06  1.215779673517642e-01
 -4.192871382235833e-09  5.485049715274706e-06  4.698736467802592e-06
 -1.135915976237265e-15 -2.666914165057180e-18 -3.672797188645380e-16
  2.670050916416414e-01  6.885309836783289e-02  7.692901043381992e-03
  5.668606722615413e-02  1.047728602916047e-01  3.835555450948143e-06
  1.336629852073288e-05  1.678738400106254e-06  3.983521441817613e+04
  6.629968706318222e+05  3.572046602506837e-04  5.258625601731427e-02
  2.507673860253591e-03  4.824292027115617e+01  2.428694670719428e+02
  4.282279756856677e+00  3.094611269911179e+02 -1.279347477007525e-02
  4.643851139925322e-09 -1.402172958700378e-03 -7.770028196727646e+00
  2.850891726045069e+00  6.035054363505104e+01  2.415631950491412e-01
  1.124415121317263e+04  5.408410340479067e+09  4.016502530552508e-01
  3.488032963580115e-01  2.704769919346948e-01  6.044105338340735e-01
  1.187169863599088e-10  2.288474761165571e-10  2.383762629068153e-14
  3.633952325061923e-02  8.332819374512000e+01  6.719163614324988e-01
  4.686463419159227e+02  2.601444548009622e-08  1.203416960059078e-08
  1.526147968293627e-10  2.933287175981862e-09  9.852974783014545e+04
  1.011639425473277e+05  3.330984398851820e-05  9.841521556656931e-03
  2.150170413345286e+01  2.119930917816084e-02  4.154109192300669e-02
  2.731633829432306e-10  2.052734846188265e-10  6.360143666858650e-03
  2.681773344081459e-04  1.050836809634856e-02  1.143703612453270e-02
  6.714006930299952e-02  3.679768487064265e-02  3.034238443235687e-02
  2.464577760311423e+01  2.854553514347443e+02  2.863447478393243e+02
  2.863447478393243e+02  2.863447478393243e+02  6.029513104657354e+00
  3.852325033802242e-01  4.550705989141704e-11  9.319760011199547e-10
  1.340640918917989e-08  7.481740750682329e-10  1.771076071872735e-12
  1.131236889324252e-08  1.920165313814255e+08  2.040616053224063e+08
  1.269567007656330e+06  2.749277852373353e-10  5.850801309597673e-10
  1.894232033438424e-11  1.555241899784501e-11  2.994123904354192e-10
  1.683023140845684e-12]
