[ 3.756721272370625e+02  3.576406526762987e+03  2.314427981971518e-06
  3.134905621353212e-06  6.203069042542280e+00  7.939737486720670e-02
  5.916815529696029e+05  1.162063285865732e+04  1.747360133005330e+01
  2.110709081631161e-06  1.459204214652451e-06  1.216346421747213e-01
 -4.193888723237903e-09  5.485275475882966e-06  4.711637698955555e-06
 -1.136490902310244e-15 -2.663567921862519e-18 -3.679835350868990e-16
  2.672059310650692e-01  6.882741916537841e-02  7.614010822369307e-03
  5.670861506058093e-02  1.049687794866166e-01  3.852196120957338e-06
  1.327895977217936e-05  1.691079937226270e-06  3.962166977420623e+04
  6.586798689185913e+05  3.585785322738859e-04  5.301603982167447e-02
  2.507746837895674e-03  4.824158195461840e+01  2.428695050615069e+02
  4.282102245422188e+00  3.094556870029311e+02 -1.275563705653776e-02
  4.645954750762620e-09 -1.401981527286384e-03 -7.762696017486102e+00
  2.848987080383341e+00  6.034693689747890e+01  2.415315681236824e-01
  1.124414941262734e+04  5.373552667833725e+09  4.015604496301897e-01
  3.483685408331175e-01  2.705769408205585e-01  6.037702483870276e-01
  1.188313488866331e-10  2.290804664690751e-10  2.383020964148126e-14
  3.633906841295906e-02  8.337872682576331e+01  6.719168162701590e-01
  4.684288880326941e+02  2.593096961934276e-08  1.198479469693661e-08
  1.498524696307435e-10  2.945557797246726e-09  9.852974610508219e+04
  1.011639214238321e+05  3.332995671562213e-05  9.841397730982710e-03
  2.151951658060450e+01  2.119912309280552e-02  4.154097790734648e-02
  2.732121170183939e-10  2.052569538843065e-10  6.368587600949022e-03
  2.620856894962545e-04  1.050202529465069e-02  1.149758579729442e-02
  6.704304728191164e-02  3.697384594338907e-02  3.006920133852256e-02
  2.464592796641244e+01  2.854556081802625e+02  2.863457833672327e+02
  2.863457833672327e+02  2.863457833672327e+02  6.030009230790981e+00
  3.847330337421225e-01  4.561001035594460e-11  9.263438349305691e-10
  1.330338777169598e-08  7.476835965737181e-10  1.772220171703399e-12
  1.130277853623980e-08  1.923337696198658e+08  2.042206877968589e+08
  1.266879926901540e+06  2.757727021562567e-10  5.850295673838457e-10
  1.894438949687481e-11  1.555999664496503e-11  2.987817392716474e-10
  1.686078825970415e-12]
