[ 3.951182038036231e+02  3.607821496800314e+03  2.330643419424581e-06
  3.122312875991547e-06  6.188744217908726e+00  7.956048911063114e-02
  5.886653441247075e+05  1.165878652832926e+04  1.747366464291643e+01
  2.102071510603960e-06  1.463467571371493e-06  1.215807852659359e-01
 -4.189154971220396e-09  5.470378056180074e-06  4.710716218165261e-06
 -1.138455632406270e-15 -2.668073440727813e-18 -3.677560856254547e-16
  2.672768832955709e-01  6.874226257897306e-02  7.605806032893871e-03
  5.655196932964877e-02  1.046013167856157e-01  3.834906184304274e-06
  1.331928375413838e-05  1.687288529594937e-06  3.974691550980924e+04
  6.570363211674746e+05  3.568662684545859e-04  5.252268370347548e-02
  2.507745409406069e-03  4.824056434156164e+01  2.428694495713509e+02
  4.282122243612051e+00  3.094539112174990e+02 -1.280483959611520e-02
  4.633116051954814e-09 -1.401028688370742e-03 -7.769097937791191e+00
  2.854348050004235e+00  6.034060336834747e+01  2.414800450846526e-01
  1.124414513903936e+04  5.375297213676360e+09  4.016677927042676e-01
  3.489448610174991e-01  2.706691329970585e-01  6.041848954007293e-01
  1.189136583137440e-10  2.288592554325854e-10  2.383345502401185e-14
  3.633910682902912e-02  8.335433675466416e+01  6.719167778540889e-01
  4.690804799213180e+02  2.595034020616366e-08  1.206400900426893e-08
  1.550254567747523e-10  2.928968737341499e-09  9.852974689478945e+04
  1.011639615039454e+05  3.332031389211288e-05  9.842582909640423e-03
  2.152086318782495e+01  2.119801539307350e-02  4.154105680818528e-02
  2.733092687159677e-10  2.062115779164518e-10  6.391691273418145e-03
  2.526153694038548e-04  1.052393653712641e-02  1.142850881725833e-02
  6.696201532073058e-02  3.688607601715763e-02  3.007593930357295e-02
  2.464581431382241e+01  2.854548130615722e+02  2.863450157645619e+02
  2.863450157645619e+02  2.863450157645619e+02  6.028696548386718e+00
  3.853434342559874e-01  4.560412310967840e-11  9.311063185565488e-10
  1.337515236231501e-08  7.476369935937652e-10  1.768059244500283e-12
  1.130980972096071e-08  1.923234263579492e+08  2.041297912930065e+08
  1.268972839699324e+06  2.756659826735472e-10  5.850286675224011e-10
  1.893992601042622e-11  1.556074403150520e-11  2.989178258798490e-10
  1.683330634843747e-12]
