[ 3.740209327287455e+02  3.606323633797937e+03  2.342983280745749e-06
  3.123326002904065e-06  6.219885317988413e+00  7.987518390486086e-02
  5.947509171963676e+05  1.171978034288992e+04  1.747463609032211e+01
  2.101320910569165e-06  1.475388964739869e-06  1.217312455944518e-01
 -4.198571509367834e-09  5.489218718763169e-06  4.710785182362717e-06
 -1.138884080025023e-15 -2.673221679055369e-18 -3.675241580414693e-16
  2.671963127470056e-01  6.907428549724967e-02  7.645784241302417e-03
  5.665398297433767e-02  1.046159274316539e-01  3.831398845445987e-06
  1.340788388060500e-05  1.686110176001172e-06  3.996235255415072e+04
  6.638413329857842e+05  3.567120249854908e-04  5.257625381021894e-02
  2.507718354715866e-03  4.824222348496799e+01  2.428693467458692e+02
  4.282196368481281e+00  3.094670875368436e+02 -1.266130003012705e-02
  4.643736954447793e-09 -1.400084277814789e-03 -7.733863665378650e+00
  2.849924123835831e+00  6.034955072093010e+01  2.413570270818490e-01
  1.124414766263932e+04  5.431602808701146e+09  4.019083135816842e-01
  3.488001612229077e-01  2.709735854482017e-01  6.045567678137298e-01
  1.187844840609595e-10  2.288754756614028e-10  2.377675890349745e-14
  3.633961360593818e-02  8.335320538877711e+01  6.719162710771799e-01
  4.686515200202519e+02  2.603439047301677e-08  1.199132873694823e-08
  1.452203371423810e-10  2.918496567598102e-09  9.852974910196892e+04
  1.011639383866876e+05  3.331971419153517e-05  9.842440583690677e-03
  2.152273988001184e+01  2.120052700943880e-02  4.154118358354178e-02
  2.731630415368150e-10  2.054204927790036e-10  6.356271326467162e-03
  2.977373433718195e-04  1.050499326457370e-02  1.150083259782071e-02
  6.724639331983755e-02  3.686575534397194e-02  3.038063797586561e-02
  2.464588680476664e+01  2.854563077622932e+02  2.863478204996841e+02
  2.863478204996841e+02  2.863478204996841e+02  6.029787254268863e+00
  3.856390300284881e-01  4.556075483174277e-11  9.281789186707542e-10
  1.334113602629543e-08  7.473081373456114e-10  1.770133660793201e-12
  1.130130458572162e-08  1.921062747117882e+08  2.042531368733765e+08
  1.267235600117348e+06  2.752147817677010e-10  5.853636783151062e-10
  1.895028953453963e-11  1.555038169004711e-11  2.987595784792634e-10
  1.680319088394754e-12]
