[ 3.808129763395424e+02  3.451583491186383e+03  2.307873899666749e-06
  3.124918843383333e-06  6.220851074443254e+00  7.981729849414704e-02
  5.959865289563632e+05  1.166647340499551e+04  1.747158950734079e+01
  2.106495347030859e-06  1.474025642525087e-06  1.216908654217274e-01
 -4.203753792913172e-09  5.510988558896045e-06  4.705562182760406e-06
 -1.137166943166895e-15 -2.673934731067251e-18 -3.670982284341558e-16
  2.671497447489793e-01  6.907698876990380e-02  7.659820037319732e-03
  5.634145054694869e-02  1.049527988735466e-01  3.850427632525732e-06
  1.333937859715256e-05  1.693742210140296e-06  3.974115305899808e+04
  6.615657313797619e+05  3.562009537535978e-04  5.245253446158909e-02
  2.507693308801752e-03  4.824172186915723e+01  2.428693768871998e+02
  4.281962920213301e+00  3.094584723178648e+02 -1.277380384310431e-02
  4.648334046135216e-09 -1.401618612426184e-03 -7.766890652763982e+00
  2.852206477058835e+00  6.034332949701808e+01  2.415130177704185e-01
  1.124414570812311e+04  5.405759736508002e+09  4.019267524934794e-01
  3.481033061983951e-01  2.708013647366948e-01  6.043589944022509e-01
  1.188945191152587e-10  2.290166842260113e-10  2.379472093765646e-14
  3.633908521701174e-02  8.339780283769817e+01  6.719167994661063e-01
  4.691364585077931e+02  2.604127646908490e-08  1.205456898071295e-08
  1.437589156157963e-10  2.935189404646008e-09  9.852974809134977e+04
  1.011639072861872e+05  3.333749865570606e-05  9.841102491550489e-03
  2.156602096818340e+01  2.119896795498274e-02  4.154114033444261e-02
  2.731619552525164e-10  2.055257525965866e-10  6.385062823261185e-03
  2.723582928861774e-04  1.055156400042635e-02  1.149030367445011e-02
  6.722511714896029e-02  3.698335372117659e-02  3.024176342778370e-02
  2.464575851614940e+01  2.854561765426379e+02  2.863475203084611e+02
  2.863475203084611e+02  2.863475203084611e+02  6.029932535271766e+00
  3.856563697920125e-01  4.545327883306394e-11  9.280442642171563e-10
  1.332952436177288e-08  7.473365942625034e-10  1.767303625062627e-12
  1.129982813824056e-08  1.917628783526495e+08  2.040441260244586e+08
  1.267240321916121e+06  2.745620321780162e-10  5.845073932681328e-10
  1.894650708397851e-11  1.555389407251281e-11  2.978841510048374e-10
  1.681996459779620e-12]
