[ 3.817023068318882e+02  3.664451610175701e+03  2.314773875811181e-06
  3.148088690502748e-06  6.221415079422381e+00  8.005171315482897e-02
  5.921286571655363e+05  1.164024263672516e+04  1.747281146674737e+01
  2.108776775287924e-06  1.465590184745656e-06  1.215532341887166e-01
 -4.168855404614106e-09  5.460914628529377e-06  4.701353038758762e-06
 -1.127863549456762e-15 -2.660552742820351e-18 -3.679406210643928e-16
  2.671534697800752e-01  6.900743356259727e-02  7.666694617900984e-03
  5.644300221768468e-02  1.048268286319708e-01  3.841082733921661e-06
  1.327101147607499e-05  1.686485896487169e-06  3.964323074012873e+04
  6.586262545058501e+05  3.574545763110336e-04  5.269983199527461e-02
  2.507801360311679e-03  4.824313240840795e+01  2.428693810444377e+02
  4.282188820747565e+00  3.094613131477611e+02 -1.265315139966485e-02
  4.649098976874354e-09 -1.401061398303544e-03 -7.736524868970255e+00
  2.858724813088726e+00  6.034290307144651e+01  2.414812028498091e-01
  1.124414574664167e+04  5.386120068629055e+09  4.018265325784794e-01
  3.479600781830004e-01  2.704785873888333e-01  6.035391272362478e-01
  1.187965494993362e-10  2.288031943447076e-10  2.379771123269027e-14
  3.633980778312077e-02  8.334671700687710e+01  6.719160768999973e-01
  4.675663107753950e+02  2.583649902188144e-08  1.198262155491156e-08
  1.488536814713465e-10  2.938159760810583e-09  9.852975086630619e+04
  1.011639086314203e+05  3.331714076235053e-05  9.842124800881291e-03
  2.149806324394143e+01  2.119938658994670e-02  4.154100382063933e-02
  2.732026178913580e-10  2.058831604637601e-10  6.360989628958565e-03
  2.577368744496384e-04  1.056058430129322e-02  1.147280671245987e-02
  6.699702035591257e-02  3.693241641190436e-02  3.006460394400820e-02
  2.464648556443278e+01  2.854565383602616e+02  2.863466054930656e+02
  2.863466054930656e+02  2.863466054930656e+02  6.030204446728016e+00
  3.856656138232331e-01  4.549919461784364e-11  9.304925301135925e-10
  1.337296176463327e-08  7.469176910110116e-10  1.767775223429714e-12
  1.129753268816630e-08  1.918305648949273e+08  2.042102891258107e+08
  1.267951125827795e+06  2.748112870158826e-10  5.854372173118297e-10
  1.894728636218167e-11  1.555486022445716e-11  2.984036936918727e-10
  1.682087415283982e-12]
