[ 3.885851375301249e+02  3.619425363115900e+03  2.317082630400756e-06
  3.119651738781598e-06  6.208350791909861e+00  8.036982587250581e-02
  5.942985177631336e+05  1.163349418089320e+04  1.747165428691138e+01
  2.098734404028545e-06  1.468212969814861e-06  1.215301719754395e-01
 -4.195136894578080e-09  5.468520253286862e-06  4.709497623638329e-06
 -1.131750380981747e-15 -2.669282951746705e-18 -3.662244381740746e-16
  2.668067432252645e-01  6.891254725672437e-02  7.706622443802341e-03
  5.643802187271058e-02  1.046955734257438e-01  3.836100445146189e-06
  1.331554867949106e-05  1.687059624603520e-06  3.965612568345012e+04
  6.606655147011204e+05  3.573735695074548e-04  5.276408554047066e-02
  2.507708282370284e-03  4.824000325506334e+01  2.428693868101996e+02
  4.282033255991487e+00  3.094609184306105e+02 -1.289011968070786e-02
  4.646298749239517e-09 -1.401554450399528e-03 -7.793805232420067e+00
  2.853353786962264e+00  6.034563278444539e+01  2.414671211780031e-01
  1.124414276183315e+04  5.413837744859785e+09  4.008069518105393e-01
  3.480783992156823e-01  2.705460653285477e-01  6.031851844175078e-01
  1.188258001811298e-10  2.288719342605765e-10  2.382875323600039e-14
  3.633958170078358e-02  8.337621723991509e+01  6.719163029823344e-01
  4.686549714665893e+02  2.595734802364434e-08  1.200678231405171e-08
  1.498166366633878e-10  2.944859252186223e-09  9.852975018730483e+04
  1.011639152239701e+05  3.332905638351042e-05  9.841052418296241e-03
  2.152354859299283e+01  2.119985054222961e-02  4.154111716420555e-02
  2.732992382987158e-10  2.063891060291003e-10  6.357829525868096e-03
  2.754895488398511e-04  1.053155652710970e-02  1.141994892458380e-02
  6.701377235943240e-02  3.687879944677559e-02  3.013497291265680e-02
  2.464631748941457e+01  2.854556953938785e+02  2.863452789152245e+02
  2.863452789152245e+02  2.863452789152245e+02  6.029859655047540e+00
  3.851137639698279e-01  4.548855996862308e-11  9.288183412654320e-10
  1.335457030755503e-08  7.473497860358318e-10  1.768191371824500e-12
  1.130518810800581e-08  1.917647162946158e+08  2.041856838538088e+08
  1.267554854058919e+06  2.748613488602823e-10  5.843315089942223e-10
  1.895612971961271e-11  1.555865984564893e-11  2.972019888814707e-10
  1.679019940181954e-12]
