[ 3.906123508410839e+02  3.513900046936521e+03  2.318363891481677e-06
  3.118364125767379e-06  6.205049713128579e+00  8.021485144982260e-02
  5.950103703047353e+05  1.165844568206083e+04  1.747630585091472e+01
  2.109928513390715e-06  1.473964917498705e-06  1.215642365463439e-01
 -4.204983475829295e-09  5.511177461805931e-06  4.697462161525663e-06
 -1.143081871880590e-15 -2.674667618732780e-18 -3.679851271486786e-16
  2.669272482319523e-01  6.892184138647516e-02  7.665664118095816e-03
  5.623375355974865e-02  1.047136203018678e-01  3.849587342745050e-06
  1.334959825358586e-05  1.689236140301482e-06  3.973868227685907e+04
  6.598848816767420e+05  3.596341972799132e-04  5.337932978883324e-02
  2.507695983581975e-03  4.824192356627486e+01  2.428693681152267e+02
  4.282075268583433e+00  3.094547205842721e+02 -1.271423246947661e-02
  4.643193735387832e-09 -1.400893409252040e-03 -7.753229651201583e+00
  2.853545800815655e+00  6.034821161660611e+01  2.413140064402967e-01
  1.124414782203061e+04  5.370191897799875e+09  4.016030845164312e-01
  3.475329664682978e-01  2.704103121432646e-01  6.035064471574139e-01
  1.187798881451906e-10  2.288937557430023e-10  2.378032651524674e-14
  3.633940232898084e-02  8.338490832434529e+01  6.719164823541371e-01
  4.686886831783301e+02  2.609880766295185e-08  1.197216939515315e-08
  1.478837863041181e-10  2.904051428020492e-09  9.852974824714419e+04
  1.011639746865695e+05  3.333228415251020e-05  9.840686372868506e-03
  2.147825928372345e+01  2.119919393890472e-02  4.154105457633077e-02
  2.732075285158007e-10  2.056351382262533e-10  6.383432698559703e-03
  2.695708790809898e-04  1.052381959391526e-02  1.149785472975511e-02
  6.739027717487654e-02  3.710094985779749e-02  3.028932731707906e-02
  2.464573571104368e+01  2.854552630197593e+02  2.863443060675106e+02
  2.863443060675106e+02  2.863443060675106e+02  6.030104308005773e+00
  3.848282995677222e-01  4.554358305024541e-11  9.274094865542335e-10
  1.332697356849994e-08  7.473446697543803e-10  1.767307634192157e-12
  1.129999962666103e-08  1.920622725222892e+08  2.040647706157556e+08
  1.266961603908773e+06  2.751651031219480e-10  5.851597685532993e-10
  1.895691903250759e-11  1.555021900517806e-11  2.979539126331731e-10
  1.684641066370941e-12]
