[ 4.001344711352606e+02  3.719151573988553e+03  2.324550063147194e-06
  3.116395860997356e-06  6.201556293053104e+00  8.034713258350566e-02
  5.977269148594209e+05  1.165821826443488e+04  1.747658729679236e+01
  2.102753029263350e-06  1.478092194541712e-06  1.215688367836323e-01
 -4.188829405314009e-09  5.478935593277908e-06  4.726777941383396e-06
 -1.135419410731271e-15 -2.673945150495312e-18 -3.679141431011614e-16
  2.671303772317088e-01  6.886644307610595e-02  7.687454592085778e-03
  5.673211331148347e-02  1.047959881183855e-01  3.850215276895329e-06
  1.329119958185701e-05  1.690736703092337e-06  3.971236039496497e+04
  6.640628497730119e+05  3.566521502340404e-04  5.252812822723466e-02
  2.507681833033220e-03  4.824110940842209e+01  2.428693951353018e+02
  4.282273429908367e+00  3.094631624934092e+02 -1.273478763452298e-02
  4.621075563753868e-09 -1.401077416561819e-03 -7.755519740889468e+00
  2.856129017265411e+00  6.034481819593959e+01  2.414276827881033e-01
  1.124414918414005e+04  5.425418442722538e+09  4.015411684786606e-01
  3.487896522076572e-01  2.709142353529188e-01  6.043922521635255e-01
  1.187049463621754e-10  2.289639747983313e-10  2.375413537107869e-14
  3.633929548012389e-02  8.335928622196332e+01  6.719165892029942e-01
  4.693409751326139e+02  2.591720091913457e-08  1.197007504018730e-08
  1.461281176063929e-10  2.913861616610055e-09  9.852974421236657e+04
  1.011639015344793e+05  3.332221096774352e-05  9.841453181325240e-03
  2.148839544323108e+01  2.119821746090478e-02  4.154105435456222e-02
  2.731684617499753e-10  2.054264489444844e-10  6.357081682457415e-03
  2.592670915019609e-04  1.043256821732542e-02  1.145451993946598e-02
  6.703193016817373e-02  3.683563874172361e-02  3.019629142645011e-02
  2.464574100298557e+01  2.854550295923772e+02  2.863439499201415e+02
  2.863439499201415e+02  2.863439499201415e+02  6.030632354111108e+00
  3.860346361814760e-01  4.557335658277223e-11  9.278890507314591e-10
  1.332827230613207e-08  7.476144493503266e-10  1.768644921075033e-12
  1.130275092961257e-08  1.920820151900615e+08  2.043039698768587e+08
  1.267347377891910e+06  2.753654167322408e-10  5.858433028643407e-10
  1.895817701033033e-11  1.555595774059524e-11  2.967826165671339e-10
  1.682827399245741e-12]
