[ 4.049903409435632e+02  3.754567808622287e+03  2.323975010296926e-06
  3.135062074013219e-06  6.214715552228762e+00  7.995454955530668e-02
  5.930034435644504e+05  1.162351614702697e+04  1.746786137728994e+01
  2.108258460245143e-06  1.460685648975191e-06  1.216145291669936e-01
 -4.196147472074303e-09  5.494691051123330e-06  4.697451239217932e-06
 -1.138175582985930e-15 -2.661991716264632e-18 -3.637579093381920e-16
  2.673597036035252e-01  6.896106431775320e-02  7.666228350613529e-03
  5.637640143776977e-02  1.047426618281178e-01  3.858966422991083e-06
  1.328638482686615e-05  1.690440111251952e-06  3.959723434755910e+04
  6.601971011506371e+05  3.579370737187120e-04  5.276794338482153e-02
  2.507661108682098e-03  4.823913906895872e+01  2.428695418516601e+02
  4.282203003321019e+00  3.094637183140873e+02 -1.269120029371659e-02
  4.652734950684901e-09 -1.401030048281178e-03 -7.742219202737389e+00
  2.850533077231905e+00  6.034731214326204e+01  2.414330274774122e-01
  1.124415122484383e+04  5.410071997240713e+09  4.012709146368904e-01
  3.486300747815233e-01  2.708016271600870e-01  6.036361452843473e-01
  1.188295352351769e-10  2.288894107428534e-10  2.382040389566305e-14
  3.633918801995038e-02  8.343769352904667e+01  6.719166966631677e-01
  4.690676849964772e+02  2.603292064244983e-08  1.198876276916660e-08
  1.498315707382379e-10  2.937697590632616e-09  9.852974435787043e+04
  1.011639466464031e+05  3.335354097840723e-05  9.841484696703163e-03
  2.149924865889991e+01  2.120010869148816e-02  4.154111420183941e-02
  2.732588209190993e-10  2.057072513169483e-10  6.373277998915875e-03
  2.753988035981493e-04  1.056601886747857e-02  1.145632948899033e-02
  6.726518175015517e-02  3.708169827386444e-02  3.018348347629073e-02
  2.464552889063640e+01  2.854561439296197e+02  2.863446891919875e+02
  2.863446891919875e+02  2.863446891919875e+02  6.031512888314204e+00
  3.854013624512123e-01  4.552661485452143e-11  9.298674020482112e-10
  1.336091452051834e-08  7.474642787298280e-10  1.768441240725272e-12
  1.130622536991092e-08  1.920670432956140e+08  2.041184006969617e+08
  1.267956551279207e+06  2.751682342809529e-10  5.842700495359949e-10
  1.894647981614035e-11  1.554986890449337e-11  2.984542514359412e-10
  1.684211863693522e-12]
