[ 3.995701470264336e+02  3.545350442661595e+03  2.299763419223818e-06
  3.123142185307533e-06  6.193325381795207e+00  8.014023367426140e-02
  5.979746238625216e+05  1.168232233766258e+04  1.747527851096600e+01
  2.115099016970358e-06  1.476045615675375e-06  1.215894615260837e-01
 -4.203881832606962e-09  5.512392448510077e-06  4.713966314363131e-06
 -1.141650707295643e-15 -2.670484832322513e-18 -3.658980407539000e-16
  2.672692610365107e-01  6.881061934494756e-02  7.679043092720135e-03
  5.684949664734608e-02  1.046717135978303e-01  3.856578749458333e-06
  1.333516571252650e-05  1.695848002921807e-06  3.976562734909247e+04
  6.614723000314696e+05  3.560418900576008e-04  5.242790832487678e-02
  2.507708629339593e-03  4.824176693282612e+01  2.428693973162586e+02
  4.282188389148887e+00  3.094599337372769e+02 -1.263486256024970e-02
  4.647367075578177e-09 -1.401489030512308e-03 -7.733960710545967e+00
  2.853619760359879e+00  6.034972165882940e+01  2.414588521327329e-01
  1.124414900723202e+04  5.385167384151432e+09  4.015905119786549e-01
  3.479834084771538e-01  2.707215015147088e-01  6.036639863958526e-01
  1.188143521142187e-10  2.288962600029790e-10  2.380138835711974e-14
  3.633934712226673e-02  8.340941247105583e+01  6.719165375608513e-01
  4.684693944873492e+02  2.605483671467901e-08  1.197111781418353e-08
  1.518650730530548e-10  2.930771372661055e-09  9.852974854628299e+04
  1.011639734958413e+05  3.334228577853767e-05  9.841481443219599e-03
  2.151502529825662e+01  2.119988723787705e-02  4.154099767090294e-02
  2.729753799733425e-10  2.059382109402026e-10  6.384463685732271e-03
  2.867017392702976e-04  1.054713345577121e-02  1.145231367045392e-02
  6.733571797552158e-02  3.698516303614628e-02  3.035055493937530e-02
  2.464585396568554e+01  2.854552606197801e+02  2.863455048046445e+02
  2.863455048046445e+02  2.863455048046445e+02  6.030664378025512e+00
  3.857936795049120e-01  4.548749864498532e-11  9.291517419963903e-10
  1.335591742553333e-08  7.477006251433966e-10  1.768703259388008e-12
  1.130588188514845e-08  1.919440196333596e+08  2.040310584635939e+08
  1.268066944265086e+06  2.748481757271317e-10  5.855074693896720e-10
  1.894440152325618e-11  1.555586254357961e-11  2.987483166080543e-10
  1.682354746886558e-12]
