[ 3.946421883709777e+02  3.687535808975067e+03  2.352584784942838e-06
  3.154557570235118e-06  6.221055923276517e+00  8.008654422141265e-02
  5.945121898521845e+05  1.166572489411970e+04  1.748005830815842e+01
  2.099777915388079e-06  1.468967911374864e-06  1.217207316440193e-01
 -4.199638261588081e-09  5.503894032310065e-06  4.716860488772067e-06
 -1.138775352508331e-15 -2.663509646184258e-18 -3.679008103071587e-16
  2.673729850981681e-01  6.907410547636185e-02  7.673346813503004e-03
  5.708798554927003e-02  1.048580351584288e-01  3.825971849248297e-06
  1.327976566853831e-05  1.678845636663197e-06  3.979810203476112e+04
  6.611961937482116e+05  3.592069968939871e-04  5.321383586138139e-02
  2.507780143409838e-03  4.824450316976321e+01  2.428692623427164e+02
  4.282028745514624e+00  3.094523303203792e+02 -1.290381533661252e-02
  4.633019476007139e-09 -1.401290036167480e-03 -7.794777622741431e+00
  2.854222743319368e+00  6.034438154157953e+01  2.414757753279797e-01
  1.124414661626515e+04  5.386806179739304e+09  4.017238020805609e-01
  3.486531569103103e-01  2.710100379967566e-01  6.046756524791828e-01
  1.186319496286480e-10  2.290189246849553e-10  2.378239043618410e-14
  3.633932312777861e-02  8.340981192085597e+01  6.719165615553394e-01
  4.679423204408664e+02  2.613234132892959e-08  1.199497146495395e-08
  1.546585241812721e-10  2.933199321170875e-09  9.852975222506086e+04
  1.011639625547447e+05  3.334226222340593e-05  9.841964756355908e-03
  2.148988778661668e+01  2.119941620500077e-02  4.154108659535034e-02
  2.730284841109606e-10  2.055195733229049e-10  6.397269059532062e-03
  2.992580081920643e-04  1.055890197177624e-02  1.153200314270771e-02
  6.696941209307555e-02  3.676326964589081e-02  3.020614244718472e-02
  2.464621564647339e+01  2.854553362586103e+02  2.863455288512346e+02
  2.863455288512346e+02  2.863455288512346e+02  6.030789492447401e+00
  3.853282657840803e-01  4.551702008363590e-11  9.298441857277699e-10
  1.335462287199050e-08  7.478458829531758e-10  1.769798953130802e-12
  1.130794486589956e-08  1.920006609452079e+08  2.040928492010859e+08
  1.268253049983875e+06  2.750678096491695e-10  5.854457705342705e-10
  1.894604931890625e-11  1.556073831332084e-11  2.983545169613175e-10
  1.681551845835229e-12]
