[ 3.937596530274034e+02  3.575620645852769e+03  2.356869913979047e-06
  3.139892645068234e-06  6.197013715737963e+00  7.998577803656677e-02
  5.940600396958381e+05  1.164582563257139e+04  1.747171195646298e+01
  2.099607832828479e-06  1.471789291415930e-06  1.215204094693175e-01
 -4.193588728544738e-09  5.490610786720209e-06  4.722472089201832e-06
 -1.138745471150983e-15 -2.676528290020247e-18 -3.664771446929517e-16
  2.675439210272489e-01  6.883808526780513e-02  7.671416719062157e-03
  5.645214966985247e-02  1.047215896908769e-01  3.823315606297777e-06
  1.334886160245484e-05  1.676506706315389e-06  3.974407254784620e+04
  6.613895305505045e+05  3.603194118017687e-04  5.349447264213687e-02
  2.507618896696840e-03  4.823979293376392e+01  2.428694220340543e+02
  4.282423542837824e+00  3.094740175752614e+02 -1.274128463992206e-02
  4.637330431097426e-09 -1.400409246405830e-03 -7.752398741728823e+00
  2.850628375592995e+00  6.034729486614294e+01  2.415147752460503e-01
  1.124415025147412e+04  5.398446697331021e+09  4.016076030788246e-01
  3.482411787760599e-01  2.707188103576450e-01  6.041129046918766e-01
  1.187628723892167e-10  2.289357053100239e-10  2.382345431540426e-14
  3.633946247979913e-02  8.339139586739689e+01  6.719164222033189e-01
  4.681698464866281e+02  2.601089155764333e-08  1.202298139187097e-08
  1.460275945243017e-10  2.927437706066770e-09  9.852974345980043e+04
  1.011639717633811e+05  3.333510720401562e-05  9.841477216203756e-03
  2.152420663920886e+01  2.119870590003734e-02  4.154109723833827e-02
  2.733364937888675e-10  2.055257428564198e-10  6.397445037444896e-03
  2.814404943037209e-04  1.062002056131660e-02  1.150005488490820e-02
  6.716057706084812e-02  3.686044514926054e-02  3.030013191158757e-02
  2.464523252166572e+01  2.854543929442107e+02  2.863446526458285e+02
  2.863446526458285e+02  2.863446526458285e+02  6.029067852288790e+00
  3.856927009050697e-01  4.553578863777631e-11  9.280049737222443e-10
  1.333764841593794e-08  7.473214455964674e-10  1.767761617924276e-12
  1.130087430937245e-08  1.921311740025453e+08  2.041400862574397e+08
  1.267051171209737e+06  2.751239299229144e-10  5.845447506403157e-10
  1.895323438495929e-11  1.555741589389633e-11  2.984629520878616e-10
  1.685935639601685e-12]
