[ 3.835384959476847e+02  3.538685915448197e+03  2.387494754644960e-06
  3.140405640691379e-06  6.201774520921432e+00  7.969983976268831e-02
  5.933053260671081e+05  1.161241962906144e+04  1.747273801562785e+01
  2.100388695905605e-06  1.457544863826241e-06  1.215751379701011e-01
 -4.198990124631392e-09  5.497692907339236e-06  4.694652510258210e-06
 -1.139383583231583e-15 -2.659569188361618e-18 -3.676192838371233e-16
  2.672182047457755e-01  6.886690518558357e-02  7.642478502501274e-03
  5.649119230725305e-02  1.047848353958619e-01  3.831193919012004e-06
  1.334493596549555e-05  1.682880588611782e-06  3.956272661050349e+04
  6.591633778450288e+05  3.554370220337173e-04  5.213966759303023e-02
  2.507683471997106e-03  4.824072623313359e+01  2.428694316647658e+02
  4.282106156387679e+00  3.094650577563779e+02 -1.263897299599260e-02
  4.654739840008052e-09 -1.401812740105782e-03 -7.734051910345309e+00
  2.851588513548875e+00  6.034773105611540e+01  2.413688853311316e-01
  1.124414804131572e+04  5.392515446108919e+09  4.017371054987058e-01
  3.484381512418195e-01  2.706693125753200e-01  6.040596954534434e-01
  1.187959983200485e-10  2.288002002629346e-10  2.380383142380567e-14
  3.633944243956761e-02  8.336695680348464e+01  6.719164422435504e-01
  4.677624777016629e+02  2.599640675683122e-08  1.210577948570737e-08
  1.490622461609354e-10  2.957671763287253e-09  9.852974818946148e+04
  1.011640110454320e+05  3.332519777661905e-05  9.841194318900784e-03
  2.150843150036694e+01  2.119940403084212e-02  4.154108482090038e-02
  2.731612964791774e-10  2.058178851117399e-10  6.414583204647909e-03
  2.985213902280573e-04  1.048197027522762e-02  1.151673630001384e-02
  6.700043294879313e-02  3.691997335113646e-02  3.008045959765667e-02
  2.464585582169536e+01  2.854559613643335e+02  2.863449350751055e+02
  2.863449350751055e+02  2.863449350751055e+02  6.029612124055590e+00
  3.849252432309024e-01  4.555993017862886e-11  9.271847637990964e-10
  1.331751885132209e-08  7.470988640409087e-10  1.770452611936112e-12
  1.129965649162583e-08  1.920263326837862e+08  2.040048643342136e+08
  1.266409830194310e+06  2.752872305387837e-10  5.853834897541517e-10
  1.892579456340138e-11  1.554681104135561e-11  2.972246556633529e-10
  1.680080534608976e-12]
