[ 3.843732413035301e+02  3.658524293808257e+03  2.358543603048267e-06
  3.125763540938695e-06  6.199417430948885e+00  8.024364433126871e-02
  5.961516801856286e+05  1.167338393794609e+04  1.747519933112166e+01
  2.105405821226161e-06  1.475382588192682e-06  1.216537477699756e-01
 -4.203673420440631e-09  5.496230113750744e-06  4.725648630460125e-06
 -1.137683386129625e-15 -2.668025293736854e-18 -3.681072808294367e-16
  2.670569671489711e-01  6.882205155996481e-02  7.679276219984386e-03
  5.656728238479627e-02  1.048492410805426e-01  3.843316987436058e-06
  1.336066151699334e-05  1.688131003196949e-06  3.975736719858014e+04
  6.632489519677678e+05  3.569373001800442e-04  5.264189924358657e-02
  2.507733228356962e-03  4.823948348291313e+01  2.428693227221838e+02
  4.282018174869931e+00  3.094626403402343e+02 -1.291158602859846e-02
  4.634628129606058e-09 -1.402437350879266e-03 -7.803728533985022e+00
  2.847618735720935e+00  6.035163368152806e+01  2.415642828660552e-01
  1.124414629210637e+04  5.411783812216212e+09  4.016270519013976e-01
  3.485663350863112e-01  2.709742545054225e-01  6.042435767887682e-01
  1.187772545009767e-10  2.289250394393430e-10  2.382093995470121e-14
  3.633969521707991e-02  8.339242088138874e+01  6.719161894660381e-01
  4.684664092993837e+02  2.608487932586367e-08  1.198026044603759e-08
  1.511859305758578e-10  2.921766172093062e-09  9.852974919207141e+04
  1.011639327691969e+05  3.333545618825157e-05  9.842444999283861e-03
  2.154628720597734e+01  2.120004583479508e-02  4.154102436021866e-02
  2.732607520324933e-10  2.054605428290510e-10  6.374538755548947e-03
  2.767796557871316e-04  1.051114455874532e-02  1.150400259088007e-02
  6.726625641571873e-02  3.696072067408254e-02  3.030553574163620e-02
  2.464583130630465e+01  2.854536934417816e+02  2.863441339285478e+02
  2.863441339285478e+02  2.863441339285478e+02  6.030764907673716e+00
  3.858231898468794e-01  4.554852049876339e-11  9.318077369564820e-10
  1.340153729554432e-08  7.474757536744385e-10  1.768130489121652e-12
  1.129941739359750e-08  1.921255537630376e+08  2.041449604997552e+08
  1.268681236363273e+06  2.750757536814648e-10  5.859301450095075e-10
  1.894519153943613e-11  1.555777186772539e-11  2.999701916359289e-10
  1.685210410909469e-12]
