[ 3.858661711736421e+02  3.575737724418123e+03  2.308829707326886e-06
  3.117030120395406e-06  6.205670114802918e+00  7.987661627802721e-02
  5.933459202015771e+05  1.164121132644237e+04  1.746703906360569e+01
  2.097365061897549e-06  1.462114075374296e-06  1.216541964065680e-01
 -4.198206314863072e-09  5.494017658982120e-06  4.715864781231742e-06
 -1.142116630642175e-15 -2.673717395798405e-18 -3.646339201109305e-16
  2.674728875008472e-01  6.891413972385026e-02  7.660943768868595e-03
  5.649579605353416e-02  1.047995495877418e-01  3.838185828230147e-06
  1.327414061619576e-05  1.683065511390581e-06  3.967516313488949e+04
  6.585731769691403e+05  3.605561240640696e-04  5.353600198212744e-02
  2.507758350372538e-03  4.824229394930796e+01  2.428694281619903e+02
  4.282210393300602e+00  3.094656957733400e+02 -1.282015276953662e-02
  4.635790018282077e-09 -1.402522569763844e-03 -7.778395120292839e+00
  2.855814231488510e+00  6.034742893072165e+01  2.414577652297393e-01
  1.124415021184476e+04  5.385264044381752e+09  4.019433793519997e-01
  3.480817324974598e-01  2.707721292857129e-01  6.042957719038731e-01
  1.188607540502941e-10  2.288820217533585e-10  2.378038037423341e-14
  3.633904873169411e-02  8.333211728893512e+01  6.719168359514238e-01
  4.680238668526811e+02  2.599044543087685e-08  1.198250299752191e-08
  1.519289136240356e-10  2.912797846139376e-09  9.852974985113046e+04
  1.011639466897048e+05  3.331124490348805e-05  9.842290078346349e-03
  2.152362775686994e+01  2.119884103699703e-02  4.154117859412337e-02
  2.732872391567855e-10  2.060861830699252e-10  6.384427361298659e-03
  2.531041279031720e-04  1.049721183737128e-02  1.148416091174056e-02
  6.707722622948201e-02  3.689472626006517e-02  3.018249996941684e-02
  2.464606049277380e+01  2.854550349955487e+02  2.863453616362965e+02
  2.863453616362965e+02  2.863453616362965e+02  6.029320931404341e+00
  3.852683937779291e-01  4.548664811478135e-11  9.300789961220764e-10
  1.337044885754184e-08  7.474129557983534e-10  1.769389196837901e-12
  1.130506188657582e-08  1.919034148883605e+08  2.043546646923334e+08
  1.268088483727750e+06  2.747641834494151e-10  5.847280598433415e-10
  1.894327242657484e-11  1.554580988545180e-11  2.983476034588992e-10
  1.683552004928236e-12]
