[ 3.944560366608317e+02  3.515110257233484e+03  2.336590218450514e-06
  3.119422262901220e-06  6.219326399121311e+00  7.962535075354144e-02
  5.903709859083168e+05  1.167785376159304e+04  1.746485474739713e+01
  2.111341456627612e-06  1.455713043983296e-06  1.215511601478665e-01
 -4.191162773310735e-09  5.479147556007559e-06  4.671086022323295e-06
 -1.134359088426669e-15 -2.666433245948226e-18 -3.690149844336621e-16
  2.666947298185752e-01  6.902043072916866e-02  7.644910154952786e-03
  5.671892923833019e-02  1.047788274718956e-01  3.855365849785247e-06
  1.333897873032181e-05  1.694900309305576e-06  3.980404833049510e+04
  6.566241750623483e+05  3.600793900456809e-04  5.339115579534914e-02
  2.507673534896841e-03  4.823840094970256e+01  2.428694319369419e+02
  4.282144583302914e+00  3.094645962905331e+02 -1.286814564764430e-02
  4.660006065515985e-09 -1.402216495306593e-03 -7.791906624417667e+00
  2.853933725440761e+00  6.035048269767165e+01  2.413862730233381e-01
  1.124414879227948e+04  5.362449298643586e+09  4.010638424272068e-01
  3.488241880172829e-01  2.710093877763434e-01  6.037848751033339e-01
  1.186573966487750e-10  2.288494150428010e-10  2.386937633950717e-14
  3.633978583326657e-02  8.337794159820578e+01  6.719160988498515e-01
  4.685401377054569e+02  2.598754590930668e-08  1.201825463823918e-08
  1.452862105609993e-10  2.932396856494921e-09  9.852974379222441e+04
  1.011639598840249e+05  3.332976451947161e-05  9.841470036874508e-03
  2.147233995138028e+01  2.119841101740750e-02  4.154102640843436e-02
  2.733359172666718e-10  2.057311812595190e-10  6.376537329993446e-03
  2.670456250292560e-04  1.059056686071519e-02  1.154441149734780e-02
  6.707540367647899e-02  3.702814827577620e-02  3.004725540070280e-02
  2.464556605392632e+01  2.854558601744615e+02  2.863463587662325e+02
  2.863463587662325e+02  2.863463587662325e+02  6.029693377386719e+00
  3.853320467291925e-01  4.552157837782681e-11  9.302482098975697e-10
  1.337183530920859e-08  7.471588769419300e-10  1.766424055081305e-12
  1.129603189256799e-08  1.920661839469031e+08  2.041900917192630e+08
  1.267806965166013e+06  2.751233714791566e-10  5.841658854757411e-10
  1.894113978612122e-11  1.554881737776207e-11  2.993406095295033e-10
  1.685607158456571e-12]
