[ 3.811103863362342e+02  3.564414719042754e+03  2.330019394803478e-06
  3.115658148385661e-06  6.214461380508451e+00  8.023259951632312e-02
  5.950670242938728e+05  1.163645481245404e+04  1.747484388337325e+01
  2.108255140378568e-06  1.470472369622160e-06  1.216604717571453e-01
 -4.186271997194909e-09  5.482967509371640e-06  4.699387380509842e-06
 -1.136115907800229e-15 -2.670204826335917e-18 -3.656081911190584e-16
  2.667736997337958e-01  6.896090588416824e-02  7.697586423859096e-03
  5.635113252491611e-02  1.047093395179880e-01  3.834177644985295e-06
  1.335176893243533e-05  1.691434219288269e-06  3.960469044064389e+04
  6.657006734833531e+05  3.594923902251516e-04  5.329705133515736e-02
  2.507756232318323e-03  4.824345761520060e+01  2.428693232130185e+02
  4.282079831289044e+00  3.094652550452892e+02 -1.288775192905141e-02
  4.650978652658092e-09 -1.401671929318220e-03 -7.797896601224895e+00
  2.853327852319190e+00  6.034706058425160e+01  2.414435222149058e-01
  1.124414553517895e+04  5.443788790276136e+09  4.019251046293228e-01
  3.496964350076428e-01  2.705716392838093e-01  6.047093460604330e-01
  1.189447258090303e-10  2.288996592832141e-10  2.376684168903404e-14
  3.633965331712061e-02  8.339425269367833e+01  6.719162313659974e-01
  4.682002113337795e+02  2.600989973886428e-08  1.199298144964373e-08
  1.511980584379627e-10  2.924475750558448e-09  9.852975287981117e+04
  1.011639604680873e+05  3.333616231987159e-05  9.841684099223433e-03
  2.155727525227995e+01  2.119881472802962e-02  4.154112646513242e-02
  2.730310372030865e-10  2.052731184987656e-10  6.362768302207772e-03
  2.522803469550869e-04  1.051075626986871e-02  1.147323519120248e-02
  6.719918760500242e-02  3.702019737540005e-02  3.017899022960236e-02
  2.464640582857286e+01  2.854557493200094e+02  2.863467283546384e+02
  2.863467283546384e+02  2.863467283546384e+02  6.029762271543588e+00
  3.855961880421265e-01  4.550120305363690e-11  9.270549711584426e-10
  1.332234579245717e-08  7.473289115473053e-10  1.767138467186117e-12
  1.130423190205972e-08  1.919081633864056e+08  2.042796067831810e+08
  1.266917007853236e+06  2.750688837802513e-10  5.845241381957173e-10
  1.894473519832436e-11  1.554662552423486e-11  2.987820001869739e-10
  1.686687428090410e-12]
