[ 3.928736586497856e+02  3.580899329191657e+03  2.342493021384284e-06
  3.145981049379569e-06  6.191449028729624e+00  7.962808060987632e-02
  5.952060050878235e+05  1.166946607212661e+04  1.746997696097880e+01
  2.107854134613633e-06  1.468730739444452e-06  1.216054349004663e-01
 -4.198889570996450e-09  5.502111315529713e-06  4.676374238029339e-06
 -1.140430729443431e-15 -2.670258910211290e-18 -3.686048699986218e-16
  2.671197917938759e-01  6.881295844013231e-02  7.635446917978211e-03
  5.605661174004785e-02  1.048139911064096e-01  3.848518118253833e-06
  1.334780356376480e-05  1.687522108111016e-06  3.980675919849634e+04
  6.626097859519531e+05  3.573999980213538e-04  5.269550710583015e-02
  2.507755956104272e-03  4.824238081118246e+01  2.428694231985330e+02
  4.282205788324959e+00  3.094584344374036e+02 -1.291220908018398e-02
  4.662143332760390e-09 -1.401418767165506e-03 -7.795872886234528e+00
  2.850741220165620e+00  6.034102644943464e+01  2.415589788660348e-01
  1.124414798844735e+04  5.409227154672127e+09  4.014953770571865e-01
  3.484325747420270e-01  2.707788879788232e-01  6.035003352818222e-01
  1.188034890270952e-10  2.289224229396829e-10  2.383905548136663e-14
  3.633981747360052e-02  8.337079350284966e+01  6.719160672095175e-01
  4.678331936760943e+02  2.602285718123391e-08  1.204873992588417e-08
  1.510223080456957e-10  2.964267148610446e-09  9.852974952640721e+04
  1.011639384901026e+05  3.332660995889180e-05  9.842100186648316e-03
  2.152817853321860e+01  2.119876865677876e-02  4.154091812962454e-02
  2.731886300876864e-10  2.058283647453157e-10  6.377246889474965e-03
  2.851151682177863e-04  1.045805229020114e-02  1.144766424125269e-02
  6.714547864291477e-02  3.695232495884385e-02  3.019315368407092e-02
  2.464600503214801e+01  2.854570179329390e+02  2.863472788317137e+02
  2.863472788317137e+02  2.863472788317137e+02  6.031253219067039e+00
  3.858267004471883e-01  4.547134265658673e-11  9.278606655127410e-10
  1.334075018023671e-08  7.474700912103015e-10  1.768623119902394e-12
  1.130376207823318e-08  1.918683302392981e+08  2.041922860099575e+08
  1.267379340585230e+06  2.746107926793005e-10  5.850548551591291e-10
  1.894433877334198e-11  1.555439349044658e-11  2.981661938885499e-10
  1.682683323313857e-12]
