[ 3.856435285365467e+02  3.623576551304790e+03  2.330070210115810e-06
  3.110266862915847e-06  6.209701150892375e+00  8.023248752165429e-02
  5.970787025254458e+05  1.166437313315808e+04  1.748133018841906e+01
  2.108551518059794e-06  1.478081558557860e-06  1.215296435184660e-01
 -4.186301167400528e-09  5.483076793497492e-06  4.712629770966510e-06
 -1.136550417791267e-15 -2.663671344347915e-18 -3.679210276890553e-16
  2.674837968234917e-01  6.884847878613200e-02  7.697392185417619e-03
  5.626182820914886e-02  1.047420344369068e-01  3.854092129017278e-06
  1.333900927845779e-05  1.690932310711565e-06  3.976679478691884e+04
  6.637172443004977e+05  3.564564099512248e-04  5.247906781426443e-02
  2.507739725335270e-03  4.823943198035146e+01  2.428694502359764e+02
  4.282113067585192e+00  3.094592552496787e+02 -1.284709175109557e-02
  4.637245484531959e-09 -1.400626013005900e-03 -7.778558488012694e+00
  2.853165510929021e+00  6.034533878154657e+01  2.414903319508841e-01
  1.124414464337253e+04  5.446585828507152e+09  4.010113911121691e-01
  3.489267042053590e-01  2.705684681979765e-01  6.036533780252150e-01
  1.188868746551762e-10  2.289260038604744e-10  2.376920495271256e-14
  3.633906863877068e-02  8.338615410038751e+01  6.719168160443474e-01
  4.691311461419952e+02  2.592651206045226e-08  1.198108725478658e-08
  1.476869348315952e-10  2.916281891211700e-09  9.852975005798147e+04
  1.011639165815762e+05  3.333276360330567e-05  9.842218647288110e-03
  2.155564482105904e+01  2.119902686258666e-02  4.154107380542066e-02
  2.731392158626712e-10  2.053612727444901e-10  6.355257790642082e-03
  2.708212960977099e-04  1.051037183289138e-02  1.142213680144735e-02
  6.729989970145876e-02  3.701025040603888e-02  3.028964929541988e-02
  2.464612713445411e+01  2.854585959764257e+02  2.863508228814073e+02
  2.863508228814073e+02  2.863508228814073e+02  6.029358590953517e+00
  3.855595436865511e-01  4.555651488426762e-11  9.304675530396986e-10
  1.338117921973776e-08  7.473389486987872e-10  1.768746513705313e-12
  1.130139555965003e-08  1.920780511359103e+08  2.040794773159932e+08
  1.268273474489024e+06  2.753392860075038e-10  5.855551050264947e-10
  1.896656239448936e-11  1.555884917087305e-11  2.994669649088607e-10
  1.685201905544241e-12]
