[ 3.848085254367241e+02  3.529144912256351e+03  2.310359551386870e-06
  3.112647731241593e-06  6.207245703896534e+00  8.038605403821149e-02
  5.971634570714802e+05  1.168661233171643e+04  1.747566596677217e+01
  2.108552563969796e-06  1.477160484481441e-06  1.216561279610493e-01
 -4.209905495886735e-09  5.506990285861829e-06  4.715234313642998e-06
 -1.136884930121116e-15 -2.660285380593048e-18 -3.674736941298398e-16
  2.665470660670005e-01  6.890135895097585e-02  7.709967989107166e-03
  5.609310944324519e-02  1.048476742982040e-01  3.844652582732597e-06
  1.334949162430709e-05  1.691568443359175e-06  3.979613534764443e+04
  6.657499544813482e+05  3.584997698272151e-04  5.305028885865588e-02
  2.507676620659508e-03  4.824230119390508e+01  2.428694336974776e+02
  4.282150237721037e+00  3.094593392387641e+02 -1.273321472575846e-02
  4.643222261032321e-09 -1.400079657410238e-03 -7.747079595775910e+00
  2.853032748094286e+00  6.034491058586920e+01  2.415645567940996e-01
  1.124414629799183e+04  5.428931995783776e+09  4.015743981669037e-01
  3.485026756013903e-01  2.706095385389571e-01  6.036518190114429e-01
  1.187989775911205e-10  2.290784750396882e-10  2.375930436371634e-14
  3.633940487311253e-02  8.340205740025607e+01  6.719164798100056e-01
  4.687179353556571e+02  2.606628037650529e-08  1.197928979646951e-08
  1.511835825554664e-10  2.915610276349735e-09  9.852975173899009e+04
  1.011639367669587e+05  3.333926512374614e-05  9.840910600484289e-03
  2.151127461487533e+01  2.119983120853375e-02  4.154102259146954e-02
  2.731488608581460e-10  2.052409747692737e-10  6.394230899749228e-03
  2.871536823732224e-04  1.049855151205327e-02  1.142905963749499e-02
  6.733035991169389e-02  3.698557843052636e-02  3.034478148116754e-02
  2.464607955629958e+01  2.854572991462377e+02  2.863473310135838e+02
  2.863473310135838e+02  2.863473310135838e+02  6.030919219883533e+00
  3.859341559455288e-01  4.551005042593142e-11  9.305306084801797e-10
  1.336989025974538e-08  7.482902844347697e-10  1.769372990324144e-12
  1.130772722260042e-08  1.919924630588288e+08  2.042191238089959e+08
  1.268952422861296e+06  2.747103117534868e-10  5.858588512042017e-10
  1.894901777551162e-11  1.556397575101850e-11  2.985398446727263e-10
  1.687938912894401e-12]
