[ 3.913513574285913e+02  3.626266760009262e+03  2.329904532744203e-06
  3.114716501460056e-06  6.207212447235667e+00  8.029061812137282e-02
  5.997583175703775e+05  1.171478053927340e+04  1.747108592555672e+01
  2.111695902399379e-06  1.480423154461218e-06  1.215416039271862e-01
 -4.201072904062418e-09  5.512406716692323e-06  4.711912772536461e-06
 -1.134812012381387e-15 -2.682781675895499e-18 -3.677352023623795e-16
  2.670829186760179e-01  6.888963538244747e-02  7.710563337937838e-03
  5.677076546341028e-02  1.047109434357507e-01  3.849671022836036e-06
  1.332873119058643e-05  1.689937704283852e-06  3.992343353187840e+04
  6.649971521360681e+05  3.588316382194677e-04  5.312575383892408e-02
  2.507682620287882e-03  4.823922482885870e+01  2.428694467705931e+02
  4.282121158437612e+00  3.094584178587105e+02 -1.264791121787232e-02
  4.638938268515685e-09 -1.401235566172861e-03 -7.739676574737739e+00
  2.851129412009399e+00  6.034988040810185e+01  2.414965246109438e-01
  1.124414951243934e+04  5.426702992770556e+09  4.010270754535432e-01
  3.483292828497178e-01  2.705829304313743e-01  6.032152502532528e-01
  1.188166504517801e-10  2.288354624962001e-10  2.378507954282541e-14
  3.633996759737275e-02  8.340477607400837e+01  6.719159170857453e-01
  4.682462505539672e+02  2.599695078738215e-08  1.194070738285992e-08
  1.439693603428987e-10  2.917399844087929e-09  9.852974529736199e+04
  1.011639737484332e+05  3.334029463700005e-05  9.841120249367393e-03
  2.150348521101270e+01  2.119876891237567e-02  4.154107132529721e-02
  2.731608959685355e-10  2.057451468704929e-10  6.374650432187565e-03
  2.655615767379725e-04  1.047739670092133e-02  1.148722368056487e-02
  6.731360754363584e-02  3.698583771089037e-02  3.032776983274547e-02
  2.464556912573862e+01  2.854543939814653e+02  2.863445241371272e+02
  2.863445241371272e+02  2.863445241371272e+02  6.030933519234500e+00
  3.857183243330596e-01  4.549054131693930e-11  9.272188401033374e-10
  1.331694734527069e-08  7.471444180419362e-10  1.768064713651012e-12
  1.129487767277916e-08  1.919322079238709e+08  2.041030396464519e+08
  1.266560273430207e+06  2.747873184579958e-10  5.848894830892557e-10
  1.895492571174180e-11  1.555198279113346e-11  2.990490258847549e-10
  1.681079147020313e-12]
