[ 3.763334992301215e+02  3.651682698074575e+03  2.351834884310757e-06
  3.125799083245967e-06  6.210279744528245e+00  8.007078687743760e-02
  5.950456424677576e+05  1.170410175447602e+04  1.747531019788337e+01
  2.108566367604689e-06  1.474624028640765e-06  1.214607095725366e-01
 -4.183140347626422e-09  5.472064269687683e-06  4.725022718935086e-06
 -1.136648202102661e-15 -2.672470665763347e-18 -3.654731870043465e-16
  2.670574013116188e-01  6.897494212553162e-02  7.668976394711454e-03
  5.647412815343991e-02  1.045894166214452e-01  3.842461471069702e-06
  1.336387512498587e-05  1.689072031594347e-06  3.986661447636202e+04
  6.613116000181402e+05  3.586887353200202e-04  5.303460745928641e-02
  2.507653499618782e-03  4.824042951787883e+01  2.428694756590531e+02
  4.282302441798185e+00  3.094607245972200e+02 -1.301680727341669e-02
  4.636179109422781e-09 -1.401759080759318e-03 -7.823382185192476e+00
  2.854312427850850e+00  6.034681279626693e+01  2.414943571749913e-01
  1.124414573243486e+04  5.407970578862744e+09  4.014468917959234e-01
  3.471092116834538e-01  2.707891236713726e-01  6.023487061694600e-01
  1.187281284687055e-10  2.287882643810181e-10  2.382176709256417e-14
  3.633955551568337e-02  8.342023520085893e+01  6.719163291674346e-01
  4.687789736771517e+02  2.591153300523279e-08  1.197030201547377e-08
  1.484168165452610e-10  2.903619911131539e-09  9.852974810056690e+04
  1.011638875105718e+05  3.334630477381628e-05  9.840635617507074e-03
  2.154064395552397e+01  2.119945379175477e-02  4.154107217419638e-02
  2.731652183058602e-10  2.057313889525061e-10  6.374150335241779e-03
  2.689007209329918e-04  1.052450659830795e-02  1.149394804373306e-02
  6.716863861848071e-02  3.693917846611360e-02  3.022946015236712e-02
  2.464609453070195e+01  2.854572256304770e+02  2.863470415298123e+02
  2.863470415298123e+02  2.863470415298123e+02  6.029752353714579e+00
  3.852914844085489e-01  4.552244797794188e-11  9.323278554700819e-10
  1.340219084998159e-08  7.472872245859636e-10  1.768181073525218e-12
  1.130280527104366e-08  1.921182202311844e+08  2.042953327391394e+08
  1.268538077366253e+06  2.749879329101085e-10  5.858309138623995e-10
  1.896683672101025e-11  1.555979663651337e-11  2.955733647953128e-10
  1.687549304350329e-12]
