[ 4.095602750653422e+02  3.515541246522930e+03  2.304218651744871e-06
  3.113578437178097e-06  6.226927409216930e+00  7.914962952565782e-02
  5.868537695904032e+05  1.169092282531049e+04  1.747213831999434e+01
  2.107642453973653e-06  1.454361711373981e-06  1.216500565923614e-01
 -4.199265213370804e-09  5.506750480006489e-06  4.684868685541098e-06
 -1.141399324242843e-15 -2.674818527157056e-18 -3.673307182775906e-16
  2.668023892699538e-01  6.905600438393078e-02  7.583093435326454e-03
  5.617280797564188e-02  1.048282209356659e-01  3.831856364164395e-06
  1.333749377205213e-05  1.688693256881242e-06  3.986689704903055e+04
  6.541843615520711e+05  3.548118992312449e-04  5.183606807327006e-02
  2.507782881621872e-03  4.824180284405478e+01  2.428692986223078e+02
  4.282097266384679e+00  3.094572694945051e+02 -1.279801865212214e-02
  4.654669168671288e-09 -1.401911230465555e-03 -7.772330958186497e+00
  2.848203035126533e+00  6.034870532098782e+01  2.413214341931445e-01
  1.124414504800347e+04  5.350132050597094e+09  4.016741726937215e-01
  3.472802352378498e-01  2.709594694145360e-01  6.033840312155677e-01
  1.187529109962010e-10  2.289363147396602e-10  2.381349597663247e-14
  3.633894151757017e-02  8.334922759788192e+01  6.719169431655478e-01
  4.680091302149311e+02  2.601767273965012e-08  1.206521802886532e-08
  1.489340253731022e-10  2.957719463284247e-09  9.852975406935206e+04
  1.011639542731046e+05  3.331788275330300e-05  9.842280470261547e-03
  2.151066407131810e+01  2.119699309184838e-02  4.154115893774472e-02
  2.733778716601516e-10  2.054911575892506e-10  6.367696888203729e-03
  2.763605836911645e-04  1.048851314275859e-02  1.150120866986643e-02
  6.702153532592234e-02  3.696250378718019e-02  3.005903153874215e-02
  2.464642607230215e+01  2.854573347733178e+02  2.863481356604264e+02
  2.863481356604264e+02  2.863481356604264e+02  6.030725911687106e+00
  3.855154515190565e-01  4.560292695448492e-11  9.323340726810141e-10
  1.339963394464073e-08  7.471103026708626e-10  1.767882251316767e-12
  1.129568718075709e-08  1.921600956163042e+08  2.041904872968930e+08
  1.268511589826694e+06  2.757653257144274e-10  5.850203990412257e-10
  1.893962535260695e-11  1.555611930006292e-11  2.986152517281217e-10
  1.681218416481291e-12]
