[ 3.777512043284443e+02  3.685464283116264e+03  2.342766668137175e-06
  3.135858457254332e-06  6.211743727162281e+00  7.979012657469495e-02
  5.963813569037231e+05  1.160551653616704e+04  1.747023370466115e+01
  2.097744666541656e-06  1.472680396869005e-06  1.215618848549011e-01
 -4.178551332429265e-09  5.465498028345331e-06  4.709872674831689e-06
 -1.131313920420341e-15 -2.670849097601819e-18 -3.646535811197396e-16
  2.672579649600400e-01  6.892344431074612e-02  7.659500600450118e-03
  5.660214738025927e-02  1.049167695599765e-01  3.823747090144457e-06
  1.325974301867289e-05  1.677839542409556e-06  3.961934374025852e+04
  6.617566853964608e+05  3.578227338833178e-04  5.285841438210447e-02
  2.507732941468676e-03  4.824364400510706e+01  2.428693395894504e+02
  4.281974362164505e+00  3.094601175351493e+02 -1.269159299358979e-02
  4.648927937808602e-09 -1.401234351360166e-03 -7.744300769075305e+00
  2.855585743075010e+00  6.034571509784382e+01  2.414243625444978e-01
  1.124414413417246e+04  5.393219921840108e+09  4.013035983025602e-01
  3.481173621813727e-01  2.710276169345991e-01  6.037385657324672e-01
  1.187944175498986e-10  2.288946343265889e-10  2.379859949045518e-14
  3.633964554446532e-02  8.337672635226618e+01  6.719162391386527e-01
  4.679550201369797e+02  2.582874545873524e-08  1.205037582471686e-08
  1.510164313037382e-10  2.933880692754072e-09  9.852974655334686e+04
  1.011639378963516e+05  3.332912695109150e-05  9.842214025242433e-03
  2.155169951511559e+01  2.120008714345920e-02  4.154105677298962e-02
  2.732065811552292e-10  2.059019370677770e-10  6.373344676667064e-03
  2.684970241376762e-04  1.047052860686142e-02  1.151302086168408e-02
  6.681936289465508e-02  3.673730260878780e-02  3.008206028586728e-02
  2.464597167206509e+01  2.854551833354699e+02  2.863468401084335e+02
  2.863468401084335e+02  2.863468401084335e+02  6.031155283269133e+00
  3.855843733290216e-01  4.556079742267372e-11  9.263551112345151e-10
  1.330951954170815e-08  7.483852661096301e-10  1.771564268810059e-12
  1.131177759957675e-08  1.921661479126421e+08  2.041890446053409e+08
  1.267377796103339e+06  2.752695871816573e-10  5.851378858187627e-10
  1.894718893537898e-11  1.555131539616572e-11  2.982256521404932e-10
  1.685053638643501e-12]
