[ 3.847752871310228e+02  3.670476942955778e+03  2.346560913824619e-06
  3.135588846190863e-06  6.213082072762523e+00  7.993212396136741e-02
  6.000715457272739e+05  1.170525394765342e+04  1.747583827717783e+01
  2.106326823508166e-06  1.474972428033113e-06  1.215683451952786e-01
 -4.176114527336847e-09  5.471933881322979e-06  4.702811442495265e-06
 -1.138923299414451e-15 -2.663852183064645e-18 -3.665179628268219e-16
  2.668523655425953e-01  6.898585138675614e-02  7.667927605266637e-03
  5.675172960835542e-02  1.048247770821180e-01  3.862383504889424e-06
  1.329768881875050e-05  1.694094651662980e-06  3.989399130220246e+04
  6.657219707158988e+05  3.588109144342407e-04  5.305345839819790e-02
  2.507704846682390e-03  4.824177129144024e+01  2.428695794027862e+02
  4.282133475441849e+00  3.094594471565441e+02 -1.269661838012495e-02
  4.655760636994582e-09 -1.400766821353307e-03 -7.741440273186919e+00
  2.853081095061571e+00  6.034877764092368e+01  2.415344787380045e-01
  1.124415245651529e+04  5.436082361455248e+09  4.013584925009999e-01
  3.482305836435619e-01  2.708376389188957e-01  6.037618834452186e-01
  1.187377868480204e-10  2.288128810791662e-10  2.375930086290737e-14
  3.633924394186261e-02  8.345636000484471e+01  6.719166407412553e-01
  4.684458396967354e+02  2.599472412673733e-08  1.205267587013631e-08
  1.535159106434599e-10  2.924973048983629e-09  9.852975056205809e+04
  1.011639397470497e+05  3.336091475629367e-05  9.841798549812297e-03
  2.156190550822414e+01  2.119954067136063e-02  4.154095044268328e-02
  2.730538926336264e-10  2.053109442174271e-10  6.372548792716924e-03
  2.643051010515274e-04  1.050754113000910e-02  1.149530388060346e-02
  6.722202914917091e-02  3.698927110021551e-02  3.023275804895541e-02
  2.464603552038366e+01  2.854577131754128e+02  2.863488737358012e+02
  2.863488737358012e+02  2.863488737358012e+02  6.031722870915941e+00
  3.849838566703506e-01  4.553657175458380e-11  9.295493461341476e-10
  1.337535025617193e-08  7.473974485643820e-10  1.768489819854829e-12
  1.130520487425536e-08  1.919904215845180e+08  2.042059489839715e+08
  1.267996080932576e+06  2.751360094234428e-10  5.851859246283247e-10
  1.894658858569799e-11  1.555226762402927e-11  2.977419067567286e-10
  1.682164056433383e-12]
