[ 4.018386148994113e+02  3.693199164697131e+03  2.317412687792215e-06
  3.136981845176052e-06  6.212672195204042e+00  7.989861953709566e-02
  6.015270986014341e+05  1.167998870937549e+04  1.747249291279388e+01
  2.106049255085085e-06  1.471436009289657e-06  1.215856460059608e-01
 -4.191903260986277e-09  5.479490716653756e-06  4.720782064251706e-06
 -1.138412126913492e-15 -2.662625528396385e-18 -3.679384279678484e-16
  2.668899832840542e-01  6.897616836292279e-02  7.676249374117324e-03
  5.640935124956510e-02  1.048499191016802e-01  3.837307226231331e-06
  1.334915444943732e-05  1.672222961879163e-06  3.987111464342170e+04
  6.659378119679041e+05  3.598807708989075e-04  5.333443744742941e-02
  2.507744205311301e-03  4.823974794538633e+01  2.428693705712968e+02
  4.282262382491596e+00  3.094616286311819e+02 -1.286933552111320e-02
  4.634447190363123e-09 -1.401774695951971e-03 -7.784667826914744e+00
  2.854139032752196e+00  6.035268388340176e+01  2.415183136661457e-01
  1.124415004562114e+04  5.428513685416121e+09  4.011560559039441e-01
  3.494296119716455e-01  2.706112099030634e-01  6.041835001100079e-01
  1.187639753514924e-10  2.289740204161179e-10  2.379375999179429e-14
  3.633979219348177e-02  8.333274186283506e+01  6.719160924896362e-01
  4.690592886705475e+02  2.592845716908731e-08  1.208570986935575e-08
  1.512334338832875e-10  2.921170947280042e-09  9.852974049481546e+04
  1.011639460731550e+05  3.331137683202114e-05  9.842576784882819e-03
  2.150552335025869e+01  2.119984684254047e-02  4.154098638081277e-02
  2.733771632839560e-10  2.059468239482492e-10  6.378697440155770e-03
  2.572977671130740e-04  1.048218768530950e-02  1.144872402498433e-02
  6.698676964881330e-02  3.679381752777397e-02  3.019295212103932e-02
  2.464520074983712e+01  2.854551277167839e+02  2.863452810731690e+02
  2.863452810731690e+02  2.863452810731690e+02  6.028551502738456e+00
  3.862690878698084e-01  4.553417618601195e-11  9.278324654533840e-10
  1.333168677124757e-08  7.481603202904015e-10  1.771743853081773e-12
  1.131764851451081e-08  1.920921057532222e+08  2.042198414730732e+08
  1.268112587164833e+06  2.750251468985376e-10  5.847041686264304e-10
  1.895807943384487e-11  1.555575734902976e-11  2.985787242285894e-10
  1.686412240041309e-12]
