[ 3.855734766994843e+02  3.661196658574291e+03  2.381865517370657e-06
  3.124029873558575e-06  6.205572709819020e+00  7.939055873941010e-02
  5.951928580786448e+05  1.166485047411789e+04  1.747362336150173e+01
  2.093483816896338e-06  1.457368585009756e-06  1.216336336941684e-01
 -4.182018101990894e-09  5.450060898997267e-06  4.704574450560954e-06
 -1.136085238299877e-15 -2.665023172681080e-18 -3.644094352884383e-16
  2.671645361122261e-01  6.893993123297101e-02  7.631564433639298e-03
  5.638623232134370e-02  1.046319328679673e-01  3.823300793131748e-06
  1.335473085155546e-05  1.678102516473442e-06  3.980896143615789e+04
  6.614780113644301e+05  3.595391557100447e-04  5.328646767149796e-02
  2.507669440687580e-03  4.824051679864078e+01  2.428695126372849e+02
  4.282116431783189e+00  3.094620305983306e+02 -1.276725889777741e-02
  4.644009856226752e-09 -1.401293072524401e-03 -7.763136284566246e+00
  2.855611838825994e+00  6.034624719429089e+01  2.415330193102697e-01
  1.124415050828865e+04  5.405797901874655e+09  4.020026058335263e-01
  3.483347404961883e-01  2.709178353211296e-01  6.041460269818771e-01
  1.187977442422446e-10  2.288307704977047e-10  2.378434166343742e-14
  3.633903085609808e-02  8.337563938412731e+01  6.719168538270199e-01
  4.683937924170436e+02  2.588932518515125e-08  1.204168289558472e-08
  1.485429419001682e-10  2.921722199727588e-09  9.852974480925890e+04
  1.011639222238264e+05  3.332872274220275e-05  9.841595413257267e-03
  2.152211955777998e+01  2.119882058669971e-02  4.154105915704694e-02
  2.732548636853266e-10  2.058674321723817e-10  6.390048570999462e-03
  3.045269621196744e-04  1.056492962997532e-02  1.146397084696245e-02
  6.677539111540644e-02  3.670862612208668e-02  3.006676499331975e-02
  2.464580033737411e+01  2.854554385781946e+02  2.863448188054634e+02
  2.863448188054634e+02  2.863448188054634e+02  6.029596565974456e+00
  3.852683072529556e-01  4.555963492906377e-11  9.272852509607445e-10
  1.332617781299741e-08  7.478295333052625e-10  1.768854819991551e-12
  1.130415375184130e-08  1.919752986490511e+08  2.039903267796534e+08
  1.267287784461832e+06  2.752571313819001e-10  5.853490877636015e-10
  1.893207864417452e-11  1.555783253620264e-11  2.979262030478608e-10
  1.681258298290576e-12]
