[ 3.820215538308529e+02  3.552500398289364e+03  2.317763139439388e-06
  3.119491091415171e-06  6.218949142990141e+00  7.964934044196116e-02
  5.907894653804129e+05  1.163277094290612e+04  1.747125867613303e+01
  2.102025657794566e-06  1.457490059724359e-06  1.216868028657598e-01
 -4.185861616352897e-09  5.495342664194499e-06  4.695759135850921e-06
 -1.137011374357362e-15 -2.674778709278012e-18 -3.678232885834073e-16
  2.674696165782083e-01  6.901860891593693e-02  7.623705690834220e-03
  5.669353505271933e-02  1.050276851246616e-01  3.842900108962866e-06
  1.324758661635092e-05  1.686504375659686e-06  3.962649507756856e+04
  6.593238662882795e+05  3.562052126271875e-04  5.243025230446228e-02
  2.507791556573482e-03  4.824156441529299e+01  2.428693139517635e+02
  4.282080379394309e+00  3.094686204743667e+02 -1.286896427276020e-02
  4.653074216291596e-09 -1.402570419845355e-03 -7.794523986847813e+00
  2.851562576633079e+00  6.034350934443263e+01  2.413648488722870e-01
  1.124414537881692e+04  5.380485227816250e+09  4.022413709369722e-01
  3.481617130995267e-01  2.705827712053753e-01  6.041617761117678e-01
  1.188207405637335e-10  2.290607352627474e-10  2.375991740616570e-14
  3.633920264755651e-02  8.338512681332935e+01  6.719166820355615e-01
  4.684764907635832e+02  2.598085470141692e-08  1.198523276440832e-08
  1.507705524437771e-10  2.951836096433084e-09  9.852975194027697e+04
  1.011639796091157e+05  3.333228475849180e-05  9.842182692162405e-03
  2.151206625711377e+01  2.119960353370692e-02  4.154111554764651e-02
  2.732718173777732e-10  2.053490585658815e-10  6.390818387578460e-03
  2.896132906519638e-04  1.050062837344711e-02  1.146122581379986e-02
  6.692532262912670e-02  3.692177714464349e-02  3.000354548448321e-02
  2.464638936519813e+01  2.854561747714243e+02  2.863478271638496e+02
  2.863478271638496e+02  2.863478271638496e+02  6.030392815402553e+00
  3.851678400372521e-01  4.554565934011862e-11  9.274568728825974e-10
  1.333355990986259e-08  7.474824404611957e-10  1.770387985209887e-12
  1.130384439972006e-08  1.920767501756855e+08  2.041749108097595e+08
  1.267179075773472e+06  2.753006560586090e-10  5.842239101038534e-10
  1.893059512914737e-11  1.554746861454464e-11  2.994247478464534e-10
  1.683549053017266e-12]
