[ 3.777698570788646e+02  3.499297226842017e+03  2.353469028489079e-06
  3.133958632261337e-06  6.214695699911144e+00  7.997050990999563e-02
  5.972786798955168e+05  1.162834521281269e+04  1.746583170541417e+01
  2.111807164839770e-06  1.475350557329665e-06  1.216335760859469e-01
 -4.196425963034431e-09  5.491535827065667e-06  4.694410241600068e-06
 -1.139321869729313e-15 -2.670238881676432e-18 -3.656871390130239e-16
  2.671083889638319e-01  6.901404413221625e-02  7.679105798815301e-03
  5.707708203120929e-02  1.051445670115357e-01  3.839975647140317e-06
  1.332902793574254e-05  1.688662106561275e-06  3.961595941051476e+04
  6.631100894661892e+05  3.571069940241298e-04  5.257594051037206e-02
  2.507710705872692e-03  4.824107541499590e+01  2.428693888277394e+02
  4.282062700569965e+00  3.094580368205949e+02 -1.259300703658989e-02
  4.651107239130805e-09 -1.400761917140246e-03 -7.719446042701014e+00
  2.850734155073591e+00  6.034616302081032e+01  2.414928311125097e-01
  1.124414872215247e+04  5.422969816071190e+09  4.014623682033859e-01
  3.486909968263775e-01  2.708659078908836e-01  6.041031507655077e-01
  1.188672636890258e-10  2.288517288049509e-10  2.384392329866738e-14
  3.633923131701384e-02  8.339811166534378e+01  6.719166533661042e-01
  4.689293426859218e+02  2.597946822917053e-08  1.195339556511823e-08
  1.497425461182994e-10  2.938117333570604e-09  9.852974822198272e+04
  1.011639585046873e+05  3.333758102974902e-05  9.840879692975688e-03
  2.154867832509579e+01  2.119845292256955e-02  4.154106509097424e-02
  2.732384059726733e-10  2.053516064107177e-10  6.394601489118240e-03
  2.600265074949767e-04  1.048325451351080e-02  1.145727947955381e-02
  6.733762299160007e-02  3.697854949969470e-02  3.035907349190536e-02
  2.464600005459430e+01  2.854560393391901e+02  2.863464252439825e+02
  2.863464252439825e+02  2.863464252439825e+02  6.030541244146028e+00
  3.853873315142253e-01  4.552167437962916e-11  9.277241686189088e-10
  1.332339080644142e-08  7.468522751425488e-10  1.769905720891440e-12
  1.130130735036974e-08  1.919591284292818e+08  2.041052639567475e+08
  1.266868873556692e+06  2.751764638063181e-10  5.844553000209727e-10
  1.893182953170949e-11  1.555079056288185e-11  2.978088214253749e-10
  1.684729151451920e-12]
