[ 3.989691960639838e+02  3.416165456639317e+03  2.292962979230704e-06
  3.118956364765289e-06  6.202261985916092e+00  8.009391730379305e-02
  5.954871311341434e+05  1.167033137916376e+04  1.747686699576157e+01
  2.104298121700401e-06  1.469172136578557e-06  1.215255143385644e-01
 -4.205771519196131e-09  5.512102858322000e-06  4.715557070330849e-06
 -1.134958794260046e-15 -2.674337163734732e-18 -3.681136383581967e-16
  2.677208804365095e-01  6.887278117998724e-02  7.685192501126935e-03
  5.635319321509454e-02  1.046494739631150e-01  3.831919618084687e-06
  1.332761273734582e-05  1.683611427405176e-06  3.976551907750526e+04
  6.635246058851890e+05  3.581173379865241e-04  5.286779421913641e-02
  2.507691344135087e-03  4.824059265009054e+01  2.428693504776263e+02
  4.282297128313109e+00  3.094658166857547e+02 -1.276159837406249e-02
  4.641024398314520e-09 -1.401049289617528e-03 -7.764548740161513e+00
  2.851531968963831e+00  6.035167238780390e+01  2.414124275400818e-01
  1.124415052569149e+04  5.427574082806968e+09  4.012196587160338e-01
  3.490031910678271e-01  2.705920226184425e-01  6.039436688187545e-01
  1.188453205073938e-10  2.288265652450641e-10  2.379069616453016e-14
  3.633925724076585e-02  8.342726369510667e+01  6.719166274423521e-01
  4.683823398199169e+02  2.604715413052207e-08  1.199602056715987e-08
  1.543182180443178e-10  2.923008250261896e-09  9.852974357213071e+04
  1.011639979410884e+05  3.334922589657903e-05  9.841743263209531e-03
  2.152733135988897e+01  2.119908564963063e-02  4.154097509066601e-02
  2.731649539357308e-10  2.055515990246796e-10  6.388991547139787e-03
  2.891036531114568e-04  1.049330288784541e-02  1.143266598229646e-02
  6.718656597471527e-02  3.694332736445717e-02  3.024323861025810e-02
  2.464537474974681e+01  2.854541495566448e+02  2.863437803401881e+02
  2.863437803401881e+02  2.863437803401881e+02  6.029395441647394e+00
  3.851743964105733e-01  4.550740056991064e-11  9.316217317844699e-10
  1.340690878741383e-08  7.473558762516728e-10  1.767939912832180e-12
  1.130060072445631e-08  1.919674211884338e+08  2.042563496440375e+08
  1.268300352596153e+06  2.749574384083675e-10  5.850694366369233e-10
  1.894098928560553e-11  1.555254635407907e-11  2.980849388915140e-10
  1.682292073157769e-12]
