[ 3.898353030404531e+02  3.656496685208828e+03  2.335548737571221e-06
  3.129805458561503e-06  6.189210517710628e+00  8.013164168800718e-02
  5.973671335989075e+05  1.165846142951698e+04  1.747312559928715e+01
  2.095937236298785e-06  1.475487098619829e-06  1.215114956209643e-01
 -4.192633459313868e-09  5.497274145362838e-06  4.738450014999962e-06
 -1.137272793606918e-15 -2.660213727969094e-18 -3.684065137498000e-16
  2.673385455569334e-01  6.876666091303081e-02  7.681924143573298e-03
  5.630718201391023e-02  1.047135417844010e-01  3.828644036766074e-06
  1.328280801862631e-05  1.682837917139213e-06  3.980433896651080e+04
  6.619558784576718e+05  3.568495643453321e-04  5.249150546747477e-02
  2.507708796918607e-03  4.824219710888292e+01  2.428694651561754e+02
  4.282052861452510e+00  3.094708994455530e+02 -1.282084345226655e-02
  4.623638589299176e-09 -1.401740394990290e-03 -7.776432894286570e+00
  2.850476699430026e+00  6.035034019874578e+01  2.414068040198219e-01
  1.124415041171051e+04  5.424702935689077e+09  4.012467535649165e-01
  3.478780478339872e-01  2.709335439412928e-01  6.033580824685689e-01
  1.187336168298211e-10  2.288770451204758e-10  2.383044099821358e-14
  3.633961670187286e-02  8.341543723592390e+01  6.719162679812452e-01
  4.685063764800789e+02  2.595120691963965e-08  1.199419623584298e-08
  1.492819500833452e-10  2.919872734948573e-09  9.852974576507360e+04
  1.011639151186463e+05  3.334465954752642e-05  9.841491272788957e-03
  2.152467962823028e+01  2.119996921142961e-02  4.154110683856852e-02
  2.732716587097857e-10  2.056383065414546e-10  6.376831393963733e-03
  2.555319110059324e-04  1.055092504169241e-02  1.151172925997353e-02
  6.714545325718811e-02  3.686828833185875e-02  3.027716492532937e-02
  2.464580613056814e+01  2.854554156522598e+02  2.863443568212834e+02
  2.863443568212834e+02  2.863443568212834e+02  6.030307293139523e+00
  3.854281826500343e-01  4.558386882040926e-11  9.275793879587241e-10
  1.332282691489784e-08  7.476104136072578e-10  1.769956832316647e-12
  1.130217015531459e-08  1.922278398975115e+08  2.043770624155105e+08
  1.267209314939316e+06  2.756162332853880e-10  5.848200793239470e-10
  1.893132393480298e-11  1.554721200710943e-11  2.986058858552811e-10
  1.683390412841862e-12]
