[ 3.838724764525154e+02  3.642585015561997e+03  2.341532288058178e-06
  3.126663314913233e-06  6.219162567377814e+00  8.001839684825911e-02
  5.966216018349424e+05  1.168394792154276e+04  1.747037129612700e+01
  2.101064745245540e-06  1.476105082006135e-06  1.217169312133513e-01
 -4.189393288309887e-09  5.492587790131217e-06  4.728020550642876e-06
 -1.135485341636196e-15 -2.665825586797798e-18 -3.653146310233293e-16
  2.671297074664233e-01  6.902939396459759e-02  7.672585157322488e-03
  5.676536076638014e-02  1.047988100803271e-01  3.835929473649374e-06
  1.336886939378161e-05  1.683258959006738e-06  3.985326223540601e+04
  6.632749691112184e+05  3.578078738649826e-04  5.272328947693069e-02
  2.507722733842742e-03  4.824264149334859e+01  2.428694767793976e+02
  4.282346575598745e+00  3.094635284349660e+02 -1.269709412250736e-02
  4.638132578346676e-09 -1.401059258030530e-03 -7.749107728295010e+00
  2.853362841655639e+00  6.034577152065214e+01  2.415160347800423e-01
  1.124415243237236e+04  5.418598447318026e+09  4.022466114364603e-01
  3.494465442705861e-01  2.705529647762205e-01  6.047692473718023e-01
  1.188780418251552e-10  2.287864649921105e-10  2.381197622924157e-14
  3.633959509157120e-02  8.339967289554345e+01  6.719162895915468e-01
  4.682979682554378e+02  2.594998419358632e-08  1.202431993253467e-08
  1.488416171794773e-10  2.935943392749775e-09  9.852974680336834e+04
  1.011639324655295e+05  3.333813351295075e-05  9.841795132753916e-03
  2.156855487548059e+01  2.119993481940925e-02  4.154088611052736e-02
  2.733729977270355e-10  2.051331553445863e-10  6.363967210672466e-03
  2.876600350278504e-04  1.051204047220895e-02  1.149107592223322e-02
  6.709082055989339e-02  3.683056183279217e-02  3.026025872710124e-02
  2.464577088222687e+01  2.854569930820834e+02  2.863486766750144e+02
  2.863486766750144e+02  2.863486766750144e+02  6.029897438184695e+00
  3.853787657023933e-01  4.551581014308070e-11  9.294491456338520e-10
  1.336138025280952e-08  7.473071249505412e-10  1.769151094262162e-12
  1.130143588480544e-08  1.920607419367966e+08  2.038765544722787e+08
  1.267552204279081e+06  2.749311338026949e-10  5.845499610966626e-10
  1.894257697887858e-11  1.554521709851075e-11  2.986163997681011e-10
  1.684382731608064e-12]
