[ 3.847992781803401e+02  3.718539499961163e+03  2.330050027105707e-06
  3.123495895982431e-06  6.214668365032861e+00  8.015269177751720e-02
  5.936860623921168e+05  1.169547922803971e+04  1.748112172801567e+01
  2.112494987485951e-06  1.471505187703578e-06  1.216266773954749e-01
 -4.184088966201262e-09  5.462183062196417e-06  4.691345739247752e-06
 -1.131336421942693e-15 -2.664159417140051e-18 -3.663234585505800e-16
  2.667463309203999e-01  6.899074656875895e-02  7.686289087674987e-03
  5.685649690151139e-02  1.048484555161073e-01  3.858342466939588e-06
  1.325951894043457e-05  1.694491667535211e-06  3.992892161933844e+04
  6.586407371790446e+05  3.587506731488772e-04  5.318757725601178e-02
  2.507726960683593e-03  4.824096727674816e+01  2.428694055319898e+02
  4.282196921790576e+00  3.094604247038916e+02 -1.254846966510605e-02
  4.655027117272416e-09 -1.400551215956812e-03 -7.711305061439695e+00
  2.852465424825627e+00  6.034953282239272e+01  2.414151873672060e-01
  1.124414926784736e+04  5.390025706373577e+09  4.018110387134792e-01
  3.490301501782994e-01  2.711438569397446e-01  6.042077647193254e-01
  1.188244750768825e-10  2.289345552711509e-10  2.377984804847932e-14
  3.633922069585153e-02  8.339006436143151e+01  6.719166639872666e-01
  4.686817096581603e+02  2.595164432632276e-08  1.202298959131157e-08
  1.570568254106517e-10  2.943747686940827e-09  9.852974901719256e+04
  1.011639527697455e+05  3.333438833070847e-05  9.841296795920653e-03
  2.150901346403300e+01  2.119917504951506e-02  4.154102796274663e-02
  2.731741306574242e-10  2.058170767732098e-10  6.365790891378660e-03
  2.956583977343184e-04  1.053718129701038e-02  1.146799856336610e-02
  6.727356046040693e-02  3.711113018860472e-02  3.016243027180220e-02
  2.464607210264106e+01  2.854557743957420e+02  2.863453170429748e+02
  2.863453170429748e+02  2.863453170429748e+02  6.029794992370458e+00
  3.852669861705580e-01  4.557111759820800e-11  9.314388075863276e-10
  1.339665987211784e-08  7.473333154629144e-10  1.769135679830455e-12
  1.129943477953294e-08  1.920922309404609e+08  2.039484608271823e+08
  1.268357565295537e+06  2.754332718025145e-10  5.856072912745291e-10
  1.896169016685584e-11  1.555318380148243e-11  2.976772284554050e-10
  1.685844605310373e-12]
