[ 3.946840025320668e+02  3.699624575501853e+03  2.325377396505986e-06
  3.123602249332629e-06  6.211443188750576e+00  8.015320274865299e-02
  5.955124097367733e+05  1.167943166812040e+04  1.747285905261730e+01
  2.100792933743960e-06  1.473119104352437e-06  1.216686784296987e-01
 -4.212359034054933e-09  5.527857749169698e-06  4.712503546296235e-06
 -1.136590365335766e-15 -2.671091221241100e-18 -3.666095840098200e-16
  2.670895113402258e-01  6.895596962351294e-02  7.679340123271620e-03
  5.675609891500047e-02  1.048136887279015e-01  3.833552726643159e-06
  1.337596881387780e-05  1.682477360710144e-06  3.983314818613011e+04
  6.603690378273152e+05  3.570008420598086e-04  5.247660160368754e-02
  2.507710667821855e-03  4.824041715992746e+01  2.428695367758128e+02
  4.282260885051221e+00  3.094652855634514e+02 -1.270574398610303e-02
  4.639669150303423e-09 -1.400233834395505e-03 -7.747204007106792e+00
  2.855759547023561e+00  6.034228992403927e+01  2.414263344946313e-01
  1.124415100625702e+04  5.405962263886247e+09  4.018436162813045e-01
  3.484709580534683e-01  2.708192090279581e-01  6.043541114460782e-01
  1.189044102172396e-10  2.287240606310096e-10  2.379965897602055e-14
  3.633882879125450e-02  8.337815199610247e+01  6.719170558918636e-01
  4.689569013853720e+02  2.604159511429844e-08  1.206203675338837e-08
  1.506147001630377e-10  2.925403067332500e-09  9.852974815706066e+04
  1.011639490088922e+05  3.332976791912710e-05  9.841229827260751e-03
  2.149670878300241e+01  2.119924516052080e-02  4.154098941657394e-02
  2.733449791684023e-10  2.058681379869658e-10  6.378749909735281e-03
  2.740687653751738e-04  1.055196163816132e-02  1.145830671632904e-02
  6.716043201534422e-02  3.683062943129951e-02  3.032980258404471e-02
  2.464581171579342e+01  2.854560635286177e+02  2.863466973757635e+02
  2.863466973757635e+02  2.863466973757635e+02  6.029585697074111e+00
  3.853687418945932e-01  4.554277969480747e-11  9.285065316392936e-10
  1.334233410657034e-08  7.473069921987561e-10  1.769722697675998e-12
  1.130042141667677e-08  1.920058463360701e+08  2.041945258922668e+08
  1.267302725790857e+06  2.752854943592059e-10  5.842831400152882e-10
  1.895314298393732e-11  1.554908405356437e-11  2.974319833035799e-10
  1.684165721296858e-12]
