[ 3.768455951107317e+02  3.626104867972002e+03  2.334142857653710e-06
  3.138242605404440e-06  6.211038275825757e+00  8.049142792823298e-02
  6.006447581107829e+05  1.172282196599998e+04  1.747258837434863e+01
  2.108913017685265e-06  1.488532690484927e-06  1.216913683409320e-01
 -4.186567300839626e-09  5.487671681438905e-06  4.702540833615771e-06
 -1.136452113492875e-15 -2.667643759079220e-18 -3.669616568213593e-16
  2.673304899774543e-01  6.897895284279047e-02  7.698623447626172e-03
  5.659249993890306e-02  1.048575807692746e-01  3.844118347540708e-06
  1.331684463918449e-05  1.687227239949935e-06  3.998456701392543e+04
  6.658597611804248e+05  3.547700420783679e-04  5.196962244637883e-02
  2.507758024436876e-03  4.824184940047039e+01  2.428693512545107e+02
  4.282082419155892e+00  3.094586347365227e+02 -1.273355906409026e-02
  4.639761174168456e-09 -1.401915025945067e-03 -7.756426342812044e+00
  2.849103590670913e+00  6.034727734032077e+01  2.415571142486074e-01
  1.124414845074682e+04  5.433393113104269e+09  4.017072537238204e-01
  3.484762528295864e-01  2.706623627635918e-01  6.041117526081915e-01
  1.187368385116824e-10  2.288215385446488e-10  2.379867990856313e-14
  3.633965070394156e-02  8.336581710630861e+01  6.719162339791764e-01
  4.683944446571123e+02  2.592119374658987e-08  1.207117208141405e-08
  1.492737699751636e-10  2.907745435659909e-09  9.852974953373616e+04
  1.011639430336841e+05  3.332479721823245e-05  9.841247818045276e-03
  2.146959111018492e+01  2.119897943373345e-02  4.154113213624094e-02
  2.732565134244805e-10  2.050624335914788e-10  6.385251656094696e-03
  2.803305214532426e-04  1.051653618318159e-02  1.147498252507385e-02
  6.723645213467432e-02  3.697926362116381e-02  3.025718851351051e-02
  2.464613358432490e+01  2.854534343563854e+02  2.863422587279509e+02
  2.863422587279509e+02  2.863422587279509e+02  6.030602729205352e+00
  3.854211685075289e-01  4.551333200998581e-11  9.283971204542903e-10
  1.334606653340119e-08  7.481651321544765e-10  1.769550221056768e-12
  1.131073696525635e-08  1.920843079200155e+08  2.044531894760166e+08
  1.268096046609391e+06  2.749081531096130e-10  5.845746131085139e-10
  1.894803161399228e-11  1.555001529404361e-11  2.981621921273861e-10
  1.686060066954862e-12]
