[ 4.026960891469364e+02  3.491396320707909e+03  2.334612960589656e-06
  3.133382389684824e-06  6.213095674334506e+00  7.958072318253641e-02
  5.918410328082364e+05  1.165870240074186e+04  1.746509995194156e+01
  2.112757201093131e-06  1.462745879374806e-06  1.215749499913004e-01
 -4.195939348776533e-09  5.496783577456560e-06  4.704856811092121e-06
 -1.141189187426644e-15 -2.671237411696157e-18 -3.671215116383671e-16
  2.672261198814800e-01  6.895676337473236e-02  7.627456144796837e-03
  5.671219920805961e-02  1.048589760896229e-01  3.857824133132513e-06
  1.334994790589509e-05  1.692139943079279e-06  3.973821369270798e+04
  6.588933993313168e+05  3.553689971251378e-04  5.212841003250907e-02
  2.507754320872152e-03  4.824133740107795e+01  2.428694997618598e+02
  4.282300138888628e+00  3.094596871544916e+02 -1.285794050614033e-02
  4.650326065432446e-09 -1.403296336340618e-03 -7.792623251308777e+00
  2.848438928267589e+00  6.035202708169414e+01  2.414753794485387e-01
  1.124415191332190e+04  5.372076097438080e+09  4.019313629727047e-01
  3.479591948541215e-01  2.703790108020229e-01  6.035707387279925e-01
  1.187581938106783e-10  2.287197760965594e-10  2.379965904726836e-14
  3.633927271509778e-02  8.340031688453900e+01  6.719166119680202e-01
  4.684234553971255e+02  2.597321877412063e-08  1.198967899416658e-08
  1.494689227737329e-10  2.935106744364496e-09  9.852974640843013e+04
  1.011639683328150e+05  3.333849612935902e-05  9.842248563809922e-03
  2.154950252558780e+01  2.119916721293091e-02  4.154108091599930e-02
  2.732895017915783e-10  2.055560611339114e-10  6.376592617844059e-03
  2.869442063272721e-04  1.051212212391885e-02  1.150274436988555e-02
  6.718743695759549e-02  3.703580033520434e-02  3.015163662239115e-02
  2.464588193110775e+01  2.854548559365566e+02  2.863450574372247e+02
  2.863450574372247e+02  2.863450574372247e+02  6.029909322514969e+00
  3.852636100784546e-01  4.552326126739004e-11  9.274532988686083e-10
  1.332867711586973e-08  7.474715604281025e-10  1.769777668071917e-12
  1.130147258368114e-08  1.919408732930200e+08  2.043268857346125e+08
  1.266897296336701e+06  2.750202957500164e-10  5.845194491824680e-10
  1.893362927922171e-11  1.554477780486197e-11  2.977138513226709e-10
  1.683626863716516e-12]
