[ 4.036123235406055e+02  3.645205046432975e+03  2.340506461685213e-06
  3.142666373322431e-06  6.185079801817181e+00  7.992367132163231e-02
  6.010656792144051e+05  1.171875914578003e+04  1.747809463001954e+01
  2.102158898948293e-06  1.478283492658405e-06  1.216131415744953e-01
 -4.211921850815273e-09  5.521341132346195e-06  4.723884781126229e-06
 -1.139827864485694e-15 -2.674018164750619e-18 -3.677156705036749e-16
  2.673557681725310e-01  6.883141418872360e-02  7.690276430298268e-03
  5.640860022704956e-02  1.046414539055503e-01  3.825990578368313e-06
  1.337898049200041e-05  1.686232830025857e-06  3.994482034827206e+04
  6.671870581852549e+05  3.558217901269168e-04  5.219041261430252e-02
  2.507730999197849e-03  4.824151769241431e+01  2.428693806855755e+02
  4.282155737916850e+00  3.094621906376875e+02 -1.266281767539882e-02
  4.628326933188788e-09 -1.400978040258372e-03 -7.739882636612677e+00
  2.852814063332768e+00  6.034633211438803e+01  2.414074173518081e-01
  1.124415011841695e+04  5.445669247257838e+09  4.020061705878166e-01
  3.483050048263395e-01  2.705789544903880e-01  6.038948638647363e-01
  1.187797842448162e-10  2.288968569831066e-10  2.375269467811192e-14
  3.633922517726933e-02  8.334321616487404e+01  6.719166595058488e-01
  4.689209441136356e+02  2.599186867255981e-08  1.212663383520869e-08
  1.501056854727366e-10  2.939310270326905e-09  9.852975013703646e+04
  1.011639541583167e+05  3.331586182697289e-05  9.841227726312966e-03
  2.149099788410590e+01  2.119987096857672e-02  4.154106791010050e-02
  2.733469045248613e-10  2.058371478928164e-10  6.366349947234356e-03
  2.639804163048197e-04  1.052811421750440e-02  1.153772370103352e-02
  6.708982647224124e-02  3.685873849060262e-02  3.023108798163861e-02
  2.464597622354548e+01  2.854539990647168e+02  2.863429926643125e+02
  2.863429926643125e+02  2.863429926643125e+02  6.029733645264652e+00
  3.858702175913818e-01  4.555739659263856e-11  9.276509763162914e-10
  1.332156820789920e-08  7.471897863766203e-10  1.767055295135498e-12
  1.129812029016131e-08  1.921014827233476e+08  2.041686149743255e+08
  1.266907779691293e+06  2.752013889315196e-10  5.854305287130964e-10
  1.894563068458838e-11  1.555779720438138e-11  2.969763053033277e-10
  1.683492785223062e-12]
