[ 3.785398334342718e+02  3.597614011641877e+03  2.344719732206636e-06
  3.118020051755196e-06  6.205304082903169e+00  8.051989485760438e-02
  5.968845417950054e+05  1.168809703090774e+04  1.747607759707432e+01
  2.096612136877424e-06  1.469835268912942e-06  1.216301112440121e-01
 -4.187175793516392e-09  5.492064766804342e-06  4.711995231923957e-06
 -1.133193871020746e-15 -2.672531240401733e-18 -3.654992158640683e-16
  2.673014180752421e-01  6.890179836280456e-02  7.710510572909545e-03
  5.651366163276041e-02  1.048614369196708e-01  3.839746344512833e-06
  1.328294184131495e-05  1.686301249617055e-06  3.986456764558189e+04
  6.657748034580529e+05  3.596817534804217e-04  5.337152911636067e-02
  2.507777422664620e-03  4.824166041873151e+01  2.428693816727443e+02
  4.282254931652949e+00  3.094657262957233e+02 -1.269802469915654e-02
  4.635441722001929e-09 -1.402734421533794e-03 -7.750074747884730e+00
  2.852917757125092e+00  6.034954834654598e+01  2.412722955279633e-01
  1.124415076781095e+04  5.438919207149073e+09  4.014622379349759e-01
  3.490795353222093e-01  2.703786056121862e-01  6.038461538742534e-01
  1.186912717905453e-10  2.289096912699526e-10  2.375843898160296e-14
  3.633935113031684e-02  8.337701106156464e+01  6.719165335528012e-01
  4.689724754684660e+02  2.590596423800807e-08  1.199054313121520e-08
  1.523801376875137e-10  2.911708435404075e-09  9.852974521642015e+04
  1.011639557729940e+05  3.332940770546197e-05  9.842060936306379e-03
  2.153071185999678e+01  2.120037775495150e-02  4.154121760558376e-02
  2.733143839921642e-10  2.053755502733881e-10  6.364503882752512e-03
  2.717359577937293e-04  1.052829404367604e-02  1.151659637961166e-02
  6.696957046158819e-02  3.683684605244526e-02  3.013272440914293e-02
  2.464567708294584e+01  2.854564763885534e+02  2.863467574851115e+02
  2.863467574851115e+02  2.863467574851115e+02  6.029979187230023e+00
  3.854977980838131e-01  4.552354574436370e-11  9.261583245157306e-10
  1.330481393149911e-08  7.474222016407089e-10  1.768498486473569e-12
  1.130259488208243e-08  1.920831452968937e+08  2.041277374276206e+08
  1.266543336494651e+06  2.749963549693610e-10  5.852923176682371e-10
  1.896012666034548e-11  1.555363342733410e-11  2.981317976198330e-10
  1.682649403316241e-12]
