[ 3.842618398844184e+02  3.699240011012625e+03  2.333058345164635e-06
  3.126029647351267e-06  6.197284627786585e+00  7.995551921002990e-02
  5.934897622490152e+05  1.167400840871778e+04  1.746607024557105e+01
  2.095238378037416e-06  1.469831602886305e-06  1.215768160606362e-01
 -4.190026719234357e-09  5.476975561842669e-06  4.722209619474532e-06
 -1.137445523409865e-15 -2.669210204570867e-18 -3.671603797499989e-16
  2.670834612156420e-01  6.887264328482361e-02  7.650972802238856e-03
  5.675447322599574e-02  1.047594492858417e-01  3.835459810054593e-06
  1.333232447126605e-05  1.679099184105379e-06  3.981544923558713e+04
  6.631011493559242e+05  3.601433112131538e-04  5.342321851598333e-02
  2.507727956954821e-03  4.824017756201260e+01  2.428694965320975e+02
  4.282163339941884e+00  3.094680734889644e+02 -1.280082095783108e-02
  4.643388591703364e-09 -1.402347887252366e-03 -7.776098222960553e+00
  2.850518727739022e+00  6.035251463609392e+01  2.414157990081650e-01
  1.124414953860537e+04  5.417773591779172e+09  4.010212350120699e-01
  3.490109204709927e-01  2.707424583108715e-01  6.037838739702543e-01
  1.187176458597236e-10  2.288844400713270e-10  2.378540804122827e-14
  3.633927252253451e-02  8.338638075814833e+01  6.719166121605835e-01
  4.678683288309349e+02  2.600655326824636e-08  1.201183937977295e-08
  1.489052471727687e-10  2.915423643295942e-09  9.852974616092263e+04
  1.011639513286528e+05  3.333305844439793e-05  9.841856894114093e-03
  2.155734511910215e+01  2.119898764353183e-02  4.154113748182270e-02
  2.733973522681766e-10  2.062426302014141e-10  6.355699253830469e-03
  2.590767715440745e-04  1.052393855666121e-02  1.141956913614990e-02
  6.702528757162607e-02  3.679307068020042e-02  3.023221689142565e-02
  2.464584033415025e+01  2.854567517150387e+02  2.863483038653307e+02
  2.863483038653307e+02  2.863483038653307e+02  6.029337364538293e+00
  3.857321199723247e-01  4.551289005490567e-11  9.312117348639046e-10
  1.339217337682876e-08  7.477067864322239e-10  1.768559968982281e-12
  1.130846877864934e-08  1.918925783886191e+08  2.041775988659078e+08
  1.268806049044362e+06  2.749836583612799e-10  5.847698011801990e-10
  1.894833911099795e-11  1.555753869149093e-11  2.969686298410688e-10
  1.681510243558314e-12]
