[ 4.042026309335528e+02  3.602421039986882e+03  2.289880896345375e-06
  3.108255229364769e-06  6.210376431234358e+00  8.023734123263991e-02
  5.925982931693348e+05  1.167077785312759e+04  1.746963420668214e+01
  2.111592415986776e-06  1.465334746380095e-06  1.216702622402159e-01
 -4.197396080198022e-09  5.490028716157841e-06  4.703779122410885e-06
 -1.134069615817272e-15 -2.665903503311840e-18 -3.672231650150517e-16
  2.674382964463897e-01  6.896230957582598e-02  7.677233201468291e-03
  5.658882071297712e-02  1.048813436590044e-01  3.839991459530820e-06
  1.326264944852510e-05  1.687448716103216e-06  3.979013836144884e+04
  6.626346690936353e+05  3.588867052312063e-04  5.318885983419085e-02
  2.507708190727251e-03  4.824028546912163e+01  2.428694436224653e+02
  4.282027347263825e+00  3.094576051875846e+02 -1.269875365184914e-02
  4.642797613029353e-09 -1.399540779196816e-03 -7.745569591417887e+00
  2.853435933194555e+00  6.033967276820979e+01  2.414300437937668e-01
  1.124414771433326e+04  5.420203415308617e+09  4.015992592566495e-01
  3.485991781876011e-01  2.709322862453138e-01  6.039328137471240e-01
  1.189600324873269e-10  2.288386451083777e-10  2.384421644553796e-14
  3.633935260516349e-02  8.339357526242485e+01  6.719165320779545e-01
  4.685744875964566e+02  2.597661179917128e-08  1.199885997264246e-08
  1.466785730883682e-10  2.931740185756421e-09  9.852974581939625e+04
  1.011639121871390e+05  3.333583342155711e-05  9.841179284252261e-03
  2.151047118414234e+01  2.119996034197465e-02  4.154107757718632e-02
  2.732981552577945e-10  2.059019074519413e-10  6.378141831629301e-03
  2.630701646786885e-04  1.049720459312371e-02  1.151455733464178e-02
  6.719291528847904e-02  3.702917977150109e-02  3.016373551697795e-02
  2.464571387298153e+01  2.854566116321632e+02  2.863471813566988e+02
  2.863471813566988e+02  2.863471813566988e+02  6.029919317832579e+00
  3.856643142982203e-01  4.554303727266357e-11  9.302115148305326e-10
  1.336964382192299e-08  7.472604699277433e-10  1.767654464907621e-12
  1.129673115110953e-08  1.919258042597239e+08  2.043399137027816e+08
  1.267737704644432e+06  2.752628670388676e-10  5.849589187433009e-10
  1.894701325441244e-11  1.555026985085502e-11  2.968468857158778e-10
  1.684275882585984e-12]
