[ 3.779950270834524e+02  3.585252446719460e+03  2.327506832290403e-06
  3.095202518981999e-06  6.215749821564604e+00  7.977458820986233e-02
  5.973671349802052e+05  1.164431235155888e+04  1.747404297989825e+01
  2.098822778225002e-06  1.476555130218580e-06  1.216820654969307e-01
 -4.189350967089650e-09  5.479529103929811e-06  4.700486149773450e-06
 -1.140028681057817e-15 -2.675927632602509e-18 -3.664795565252225e-16
  2.676943880159960e-01  6.897418372710114e-02  7.648736841928016e-03
  5.675354294188321e-02  1.048541639232683e-01  3.829728833018709e-06
  1.333330949454082e-05  1.684712297107268e-06  3.965718341005885e+04
  6.627537072760111e+05  3.607624287112967e-04  5.364406419875960e-02
  2.507729730523184e-03  4.824365150774304e+01  2.428693366244924e+02
  4.282177868501237e+00  3.094562867235369e+02 -1.272974568394028e-02
  4.649210621749552e-09 -1.400118129722190e-03 -7.752786544131095e+00
  2.852226931387513e+00  6.034194311345860e+01  2.413116795192392e-01
  1.124414668503518e+04  5.411374057650555e+09  4.022155360943776e-01
  3.486359649010594e-01  2.708073298588942e-01  6.042517922053150e-01
  1.188847258777935e-10  2.290190345114674e-10  2.376766741343020e-14
  3.633923600196541e-02  8.340399589164660e+01  6.719166486811525e-01
  4.691892129841048e+02  2.602715751629526e-08  1.197075315039535e-08
  1.462180673133843e-10  2.925683158836649e-09  9.852974882676880e+04
  1.011639710285312e+05  3.334008707758673e-05  9.841355226670257e-03
  2.151644169952226e+01  2.119909551082499e-02  4.154107695624466e-02
  2.732727444871699e-10  2.055487185481843e-10  6.366136172125579e-03
  2.610885170708107e-04  1.053800643983996e-02  1.149607736557844e-02
  6.714888022439408e-02  3.681039074957852e-02  3.033848947481554e-02
  2.464591822443356e+01  2.854554413909099e+02  2.863454781827847e+02
  2.863454781827847e+02  2.863454781827847e+02  6.028979138298791e+00
  3.857562459719634e-01  4.554712458747772e-11  9.262376559629927e-10
  1.330267564510020e-08  7.476602185729215e-10  1.767755871223044e-12
  1.130611511118914e-08  1.919983891569209e+08  2.041917126299241e+08
  1.266975209374013e+06  2.751380485461166e-10  5.852887497373481e-10
  1.891881372037678e-11  1.555787395292284e-11  2.979524813921623e-10
  1.688547787673584e-12]
