[ 3.925700083250450e+02  3.560872696978578e+03  2.350449372003044e-06
  3.149389747532705e-06  6.207839966253358e+00  8.039843299562191e-02
  5.957928602461782e+05  1.163991892004717e+04  1.747475452985884e+01
  2.109902759254589e-06  1.467391980500098e-06  1.216211276735803e-01
 -4.207964170136215e-09  5.502409865208142e-06  4.684402139574415e-06
 -1.136374138027292e-15 -2.662643949159976e-18 -3.648026067196270e-16
  2.674138564532466e-01  6.887597642349512e-02  7.697240291911574e-03
  5.633135481381784e-02  1.046926729171463e-01  3.841828722862897e-06
  1.334564137441361e-05  1.691682853364997e-06  3.967079227362086e+04
  6.597263182714842e+05  3.597907353055012e-04  5.342026463650652e-02
  2.507691808709944e-03  4.824152019904096e+01  2.428693529816125e+02
  4.282206757145981e+00  3.094609192470236e+02 -1.273706155841988e-02
  4.658507055928300e-09 -1.401505146974869e-03 -7.753738928258013e+00
  2.849342392320517e+00  6.034682680161000e+01  2.415112335099898e-01
  1.124414412165730e+04  5.398316296564891e+09  4.014481777943817e-01
  3.489251495187612e-01  2.711333326372576e-01  6.046621126514012e-01
  1.188839612895447e-10  2.289616120559133e-10  2.377135257408884e-14
  3.633941811367882e-02  8.337510129822937e+01  6.719164665694392e-01
  4.685150786480374e+02  2.605232827165166e-08  1.200067217599518e-08
  1.514422078887874e-10  2.932075229283411e-09  9.852975053323800e+04
  1.011639747120973e+05  3.332848003657489e-05  9.841482800968068e-03
  2.149156931634097e+01  2.120036597359372e-02  4.154104122789615e-02
  2.731748844970177e-10  2.055204467028502e-10  6.351613995878597e-03
  2.727750711668056e-04  1.053564520728147e-02  1.155131837295007e-02
  6.724194630420552e-02  3.700771408656775e-02  3.023423221763778e-02
  2.464603960613125e+01  2.854553633359451e+02  2.863438000768093e+02
  2.863438000768093e+02  2.863438000768093e+02  6.029398183230957e+00
  3.850411375134095e-01  4.555745867385641e-11  9.285861733728873e-10
  1.332881062634729e-08  7.477486015078133e-10  1.768645696964314e-12
  1.130298906549464e-08  1.921621642763158e+08  2.040055688191446e+08
  1.267633578092075e+06  2.754036364116637e-10  5.851610307358035e-10
  1.895152286268886e-11  1.555804203626502e-11  2.974039307589459e-10
  1.682788842890068e-12]
