[ 3.787195295328541e+02  3.593353230900214e+03  2.316760598680012e-06
  3.128367415291954e-06  6.203296523386385e+00  7.978969518582345e-02
  5.907548015174369e+05  1.164608680087644e+04  1.746843439251203e+01
  2.105819055646635e-06  1.465859377669051e-06  1.216446022370600e-01
 -4.217301750591807e-09  5.512588157166036e-06  4.699190934668012e-06
 -1.139182137639625e-15 -2.666870700593465e-18 -3.678500574759855e-16
  2.670610763490562e-01  6.884603976927570e-02  7.642122304067183e-03
  5.647986245418217e-02  1.048854080050820e-01  3.839464047508276e-06
  1.336100564714907e-05  1.684262415629366e-06  3.973088530048773e+04
  6.598150184508914e+05  3.536059797706140e-04  5.169544907147132e-02
  2.507693386402943e-03  4.823983205111004e+01  2.428694013298139e+02
  4.282285382277575e+00  3.094586241330547e+02 -1.269698616350406e-02
  4.649314262692059e-09 -1.401050732737090e-03 -7.744322425114958e+00
  2.850031517571145e+00  6.034706738618614e+01  2.414157872328996e-01
  1.124414809884445e+04  5.377414261118469e+09  4.015087823224837e-01
  3.486886709886451e-01  2.704105429433240e-01  6.032840801162125e-01
  1.188186647158931e-10  2.288658177776519e-10  2.385031461274270e-14
  3.633918184911748e-02  8.338526255532086e+01  6.719167028340005e-01
  4.681751502141459e+02  2.611247791919272e-08  1.201956693813297e-08
  1.466339454684422e-10  2.924616789194877e-09  9.852974896119563e+04
  1.011639542194571e+05  3.333258171210027e-05  9.841435372081594e-03
  2.155712549345196e+01  2.119933791214112e-02  4.154101906883915e-02
  2.733082550153161e-10  2.055773322998280e-10  6.361602572161437e-03
  2.975826700089055e-04  1.047777381336333e-02  1.145191559455684e-02
  6.723320480105240e-02  3.691296719828521e-02  3.032023760276718e-02
  2.464575557868844e+01  2.854545325509425e+02  2.863442211837216e+02
  2.863442211837216e+02  2.863442211837216e+02  6.029688575717958e+00
  3.856123347258593e-01  4.547542361913831e-11  9.302395145713188e-10
  1.337598193308295e-08  7.475175565430816e-10  1.769012789791748e-12
  1.131075787520585e-08  1.918847234414668e+08  2.041863686468634e+08
  1.268476992454929e+06  2.745595922702669e-10  5.846448235244418e-10
  1.892805424236362e-11  1.555199652905484e-11  2.983403608600664e-10
  1.684460729724211e-12]
