[ 4.011345304952651e+02  3.650415889341440e+03  2.337547943689333e-06
  3.132833701828918e-06  6.215555644042611e+00  8.005134941612860e-02
  5.895940025938262e+05  1.165407477208561e+04  1.747672970710851e+01
  2.106107260839237e-06  1.466591884918692e-06  1.216303984432347e-01
 -4.198226529933464e-09  5.500306201405861e-06  4.726832354915997e-06
 -1.140955262892239e-15 -2.674929175090339e-18 -3.666544673449024e-16
  2.672805558127774e-01  6.894087379526928e-02  7.652053608739337e-03
  5.640744449381235e-02  1.047152342859367e-01  3.831800369831189e-06
  1.332232535711757e-05  1.686864880078980e-06  3.974621120814355e+04
  6.611834472671290e+05  3.579458184175984e-04  5.280133399855606e-02
  2.507713447140336e-03  4.824309730767834e+01  2.428693414149012e+02
  4.282286447001682e+00  3.094623077272228e+02 -1.283610260491728e-02
  4.637894909900887e-09 -1.401642865184980e-03 -7.779843745485826e+00
  2.851974701704550e+00  6.034862439021116e+01  2.414022817694614e-01
  1.124414720531344e+04  5.370708687666471e+09  4.009904628010345e-01
  3.489404804268584e-01  2.704664961155330e-01  6.041225140975957e-01
  1.188485730961819e-10  2.288657185313419e-10  2.384535615157123e-14
  3.633969716318112e-02  8.342127998303964e+01  6.719161875199369e-01
  4.687773818219281e+02  2.597452667999271e-08  1.206915048370937e-08
  1.516461614446164e-10  2.936270332267708e-09  9.852974955637385e+04
  1.011639509844387e+05  3.334701859789906e-05  9.841280733050533e-03
  2.159693461929988e+01  2.119883820013389e-02  4.154109237810170e-02
  2.731195818276472e-10  2.055049111233730e-10  6.379542542971297e-03
  2.701295900749292e-04  1.041048062917430e-02  1.151526461976906e-02
  6.697087456269643e-02  3.685297384082756e-02  3.011790072186885e-02
  2.464606805306454e+01  2.854578122283693e+02  2.863505829412767e+02
  2.863505829412767e+02  2.863505829412767e+02  6.030155083854654e+00
  3.853855453070436e-01  4.554963946014904e-11  9.268243222130335e-10
  1.331130530527733e-08  7.481267253776305e-10  1.771200636040145e-12
  1.131318638346758e-08  1.921428997283362e+08  2.039146572160284e+08
  1.267464855508081e+06  2.753559516861088e-10  5.850583394700828e-10
  1.894490713635149e-11  1.555894268708721e-11  2.993709015073218e-10
  1.683592496651196e-12]
