[ 3.875381928896583e+02  3.519877144148860e+03  2.351004063684286e-06
  3.129718091674989e-06  6.212728410445653e+00  7.938138570148162e-02
  5.908345656681124e+05  1.167520573543736e+04  1.747311506086491e+01
  2.099549173113053e-06  1.457910823644649e-06  1.216631552473419e-01
 -4.212106967385128e-09  5.510926049691296e-06  4.711097869667213e-06
 -1.143526720418110e-15 -2.674914202838557e-18 -3.704211752703045e-16
  2.674795147269552e-01  6.898762505983672e-02  7.611073469570640e-03
  5.647872097825736e-02  1.049247988183217e-01  3.831492741726666e-06
  1.330761169586706e-05  1.675896833596519e-06  3.988060959301721e+04
  6.605093161860206e+05  3.597165400901356e-04  5.328949238395780e-02
  2.507671341980476e-03  4.824127274646577e+01  2.428695473138239e+02
  4.282184552807710e+00  3.094670787639263e+02 -1.286045080486371e-02
  4.643652592210320e-09 -1.402781580205665e-03 -7.792227715688297e+00
  2.849813988368281e+00  6.035463615265589e+01  2.414499556960525e-01
  1.124415545480771e+04  5.397245030025622e+09  4.019794039664693e-01
  3.484642816349193e-01  2.706661105598940e-01  6.039264778641602e-01
  1.188496849200387e-10  2.288665506750428e-10  2.377684209779861e-14
  3.633897192570962e-02  8.339009462781939e+01  6.719169127574084e-01
  4.687986014273030e+02  2.612351159346458e-08  1.204753868816019e-08
  1.464444637690414e-10  2.941454697778673e-09  9.852974565124141e+04
  1.011639356084722e+05  3.333449404485923e-05  9.841586661672929e-03
  2.152249330432564e+01  2.119908932462256e-02  4.154118119759866e-02
  2.731513518116038e-10  2.055707050968039e-10  6.336526645484273e-03
  2.581029465845003e-04  1.051072167618253e-02  1.152013874064337e-02
  6.688054028668287e-02  3.676288447396315e-02  3.011765581271974e-02
  2.464548039056354e+01  2.854549813146690e+02  2.863452532093887e+02
  2.863452532093887e+02  2.863452532093887e+02  6.030572310174715e+00
  3.852199910313628e-01  4.551549659177488e-11  9.301977641658870e-10
  1.338187500112465e-08  7.472251289109689e-10  1.769508522020456e-12
  1.129800801301062e-08  1.920180816136495e+08  2.041270545434905e+08
  1.267748381973049e+06  2.751016822900939e-10  5.848198635759323e-10
  1.894774100980484e-11  1.554798518953652e-11  2.994076175012674e-10
  1.687836029791632e-12]
