[ 3.971096508925369e+02  3.504980731913365e+03  2.348052782224820e-06
  3.127462436702803e-06  6.194910227979824e+00  7.985611478994208e-02
  5.881555654955477e+05  1.166175151295950e+04  1.747394942472696e+01
  2.102909416234384e-06  1.470840676127460e-06  1.214948094562105e-01
 -4.207309768757855e-09  5.506612114811103e-06  4.708242404269396e-06
 -1.134854899945841e-15 -2.661841659635567e-18 -3.680379105426911e-16
  2.665872780709166e-01  6.874792281181169e-02  7.639243249133487e-03
  5.625723907837251e-02  1.045757496336864e-01  3.817175463973028e-06
  1.333378708565318e-05  1.679512847322509e-06  3.979308350633156e+04
  6.570284079182561e+05  3.582217867534051e-04  5.287021815105777e-02
  2.507713767069304e-03  4.823893724370006e+01  2.428694740225476e+02
  4.282116889501025e+00  3.094604986229464e+02 -1.289057789678315e-02
  4.640989156665708e-09 -1.402341219937787e-03 -7.800675627040659e+00
  2.854046331845493e+00  6.035247363035337e+01  2.414581030640227e-01
  1.124414591597808e+04  5.384768093645014e+09  4.005429411278300e-01
  3.479927668463651e-01  2.708125813157449e-01  6.029808289805444e-01
  1.187667782496874e-10  2.287940859174575e-10  2.379833230574758e-14
  3.633941350359945e-02  8.338447309302400e+01  6.719164711795186e-01
  4.680725837984723e+02  2.602696894596566e-08  1.201839651063149e-08
  1.499930967873471e-10  2.927249679656514e-09  9.852974853306980e+04
  1.011639611897583e+05  3.333221946919530e-05  9.841681912330110e-03
  2.151261247082586e+01  2.119916056741136e-02  4.154109278383039e-02
  2.731956574762260e-10  2.061840497058481e-10  6.391807012018495e-03
  2.613105226181048e-04  1.062082252746326e-02  1.145449807929488e-02
  6.707829344729678e-02  3.683373335426426e-02  3.024456009303253e-02
  2.464589112780546e+01  2.854564519817683e+02  2.863466828856722e+02
  2.863466828856722e+02  2.863466828856722e+02  6.030274109800955e+00
  3.853777859940530e-01  4.557734113341082e-11  9.303960977543493e-10
  1.337025431340537e-08  7.473047144597930e-10  1.769586250696409e-12
  1.129991097789092e-08  1.921824328203754e+08  2.040495277077244e+08
  1.267923955147812e+06  2.752737007659470e-10  5.855968945682533e-10
  1.895424786496533e-11  1.555513958583530e-11  2.984441124944388e-10
  1.687029820102340e-12]
