[ 3.820698929687705e+02  3.683147630354924e+03  2.350437835133998e-06
  3.140246922204817e-06  6.209980545625987e+00  7.918623352443334e-02
  5.899981117968075e+05  1.167049858180385e+04  1.747543632953205e+01
  2.104250752828292e-06  1.454909018863350e-06  1.215019642153063e-01
 -4.191710875803008e-09  5.496841389137684e-06  4.690312601837675e-06
 -1.138042190118116e-15 -2.676129031989115e-18 -3.690268269435325e-16
  2.669058322239866e-01  6.891488467512243e-02  7.604437928101035e-03
  5.675023649778425e-02  1.049038437514710e-01  3.832802024732596e-06
  1.335910677606350e-05  1.686364202466791e-06  3.978338810790401e+04
  6.546286476119307e+05  3.598903178654290e-04  5.333682498919586e-02
  2.507671097550251e-03  4.823962587713239e+01  2.428694082638932e+02
  4.282148893708479e+00  3.094677098266735e+02 -1.275092302186248e-02
  4.658997335695399e-09 -1.400547487780208e-03 -7.759296953257296e+00
  2.847818853791919e+00  6.035019346211653e+01  2.413145313198120e-01
  1.124414826006896e+04  5.347620038902836e+09  4.016779079087144e-01
  3.474888548436540e-01  2.705368380015840e-01  6.037442299755862e-01
  1.189168219031014e-10  2.289621312828392e-10  2.378847149324818e-14
  3.633965466034912e-02  8.336905247859035e+01  6.719162300227688e-01
  4.675002013295679e+02  2.592730837500901e-08  1.204086498784583e-08
  1.465766662497959e-10  2.932257770495530e-09  9.852974382992943e+04
  1.011639445070034e+05  3.332595172021340e-05  9.841303925948147e-03
  2.150287026240707e+01  2.119971063810171e-02  4.154109211604942e-02
  2.732044027671999e-10  2.058260022398786e-10  6.339957552696996e-03
  2.569955467506454e-04  1.049906911666146e-02  1.147337684996089e-02
  6.692636858453122e-02  3.687236637798322e-02  3.005400220654799e-02
  2.464554767568562e+01  2.854550806754057e+02  2.863442868823132e+02
  2.863442868823132e+02  2.863442868823132e+02  6.029445750314006e+00
  3.846601758959750e-01  4.554590847287284e-11  9.283518644529988e-10
  1.332331827118659e-08  7.476848973787937e-10  1.770559024318350e-12
  1.130413831332153e-08  1.921564881261669e+08  2.039881248413427e+08
  1.267742351100393e+06  2.752360970329108e-10  5.854023576834188e-10
  1.896067764272666e-11  1.555497898103952e-11  2.987827445280741e-10
  1.686389732519539e-12]
