[ 3.965919052866076e+02  3.823349622049167e+03  2.377312667261869e-06
  3.165728719402900e-06  6.204790623421837e+00  7.967504662504649e-02
  5.997119590560041e+05  1.171102084727972e+04  1.747225286983238e+01
  2.109250555214742e-06  1.467859392817511e-06  1.217110978360258e-01
 -4.182526359425346e-09  5.472365652053183e-06  4.695272246369517e-06
 -1.132570834017931e-15 -2.663697926376921e-18 -3.644912106114139e-16
  2.666367239733933e-01  6.899104329675719e-02  7.658772581161754e-03
  5.687411228704578e-02  1.046729920689571e-01  3.835585208934078e-06
  1.330727408682701e-05  1.687651366377272e-06  3.990227704286667e+04
  6.655262690682384e+05  3.581420386253299e-04  5.288188036250861e-02
  2.507677463426812e-03  4.824210446879361e+01  2.428693669554407e+02
  4.282134458765920e+00  3.094622995799847e+02 -1.271521952296747e-02
  4.648892905817358e-09 -1.401343645573036e-03 -7.756264346165922e+00
  2.852316818240712e+00  6.034556144427054e+01  2.415489271227881e-01
  1.124414889654630e+04  5.436736315929654e+09  4.014031111873242e-01
  3.490487859121298e-01  2.705178261937588e-01  6.040527407847912e-01
  1.189036004046146e-10  2.289021557332286e-10  2.386250665376817e-14
  3.633988115206565e-02  8.335288548742520e+01  6.719160035310524e-01
  4.684043479658501e+02  2.590493138781405e-08  1.199944234295623e-08
  1.453285383604521e-10  2.917922337180272e-09  9.852974645608115e+04
  1.011639512607541e+05  3.331947111403989e-05  9.841038696939499e-03
  2.150103380596668e+01  2.119832309903847e-02  4.154106865946566e-02
  2.730886999889965e-10  2.053242601694210e-10  6.368989830709954e-03
  2.539224621206363e-04  1.048237288462578e-02  1.145734222291269e-02
  6.705642768031993e-02  3.691042618435578e-02  3.014600149596415e-02
  2.464592660419441e+01  2.854553417521290e+02  2.863447098744186e+02
  2.863447098744186e+02  2.863447098744186e+02  6.030783226471558e+00
  3.854112236493363e-01  4.551480856662681e-11  9.262743278658478e-10
  1.330721926625113e-08  7.475554074240729e-10  1.769755201938853e-12
  1.130208448047642e-08  1.920189521225750e+08  2.040677652971559e+08
  1.266950607126969e+06  2.749229681005569e-10  5.851842335499564e-10
  1.895606970655504e-11  1.555047727588462e-11  2.980516024002876e-10
  1.683275077907504e-12]
