[ 3.921204378975951e+02  3.615450882823367e+03  2.349653547111436e-06
  3.140413838145498e-06  6.206781538337501e+00  8.008470840267569e-02
  5.953879602730413e+05  1.164018406142933e+04  1.747005021200544e+01
  2.109803716466950e-06  1.468106147735919e-06  1.216622544015195e-01
 -4.211734222263433e-09  5.505871260851742e-06  4.689041948448006e-06
 -1.136910763273915e-15 -2.671490881835618e-18 -3.694583128526155e-16
  2.675299234481095e-01  6.894933601120390e-02  7.680218465699482e-03
  5.661482684141602e-02  1.048382503055842e-01  3.852337056401678e-06
  1.334120121934505e-05  1.690946499847454e-06  3.965988346124346e+04
  6.581205056634428e+05  3.551430408857862e-04  5.199894879388977e-02
  2.507580823596542e-03  4.823908158964814e+01  2.428694739509768e+02
  4.282102920400146e+00  3.094581350862398e+02 -1.269964297388656e-02
  4.657461995832286e-09 -1.400327847482077e-03 -7.741243552599843e+00
  2.851462393178244e+00  6.034547416677945e+01  2.414693728940042e-01
  1.124414853306803e+04  5.351535925967403e+09  4.017738221646490e-01
  3.487110825164274e-01  2.708829491099614e-01  6.043543537767315e-01
  1.189428511434899e-10  2.288730307338516e-10  2.382094962568404e-14
  3.633896825799873e-02  8.343278254324092e+01  6.719169164251193e-01
  4.684683324300780e+02  2.606170541060860e-08  1.201451355125995e-08
  1.503425029579252e-10  2.932964082227260e-09  9.852974855931860e+04
  1.011639574004669e+05  3.335149721085222e-05  9.840878317720857e-03
  2.151151164157740e+01  2.119981668559472e-02  4.154112439663126e-02
  2.732433885277924e-10  2.047146693540654e-10  6.376800493275856e-03
  2.837298856231959e-04  1.050729517180563e-02  1.145849198330420e-02
  6.721476916243471e-02  3.701542673795261e-02  3.019934242448211e-02
  2.464577004173719e+01  2.854563769932479e+02  2.863457126630852e+02
  2.863457126630852e+02  2.863457126630852e+02  6.029640328211164e+00
  3.858280607945132e-01  4.548368742989054e-11  9.267033048445705e-10
  1.331788278885942e-08  7.474173258910818e-10  1.768070374708897e-12
  1.130051986281539e-08  1.919247208127026e+08  2.041858930625190e+08
  1.266823389918324e+06  2.748618844397308e-10  5.844899940398340e-10
  1.894219069913825e-11  1.555312279217727e-11  2.988379067469214e-10
  1.686546658014370e-12]
