[ 3.771953720356823e+02  3.565439020701555e+03  2.360402675757464e-06
  3.122773911060905e-06  6.205165965013663e+00  8.022989267868880e-02
  5.955286531415874e+05  1.167368875547624e+04  1.746819126487596e+01
  2.101459308115705e-06  1.475694021180736e-06  1.216515269613804e-01
 -4.185986431800395e-09  5.461969004150220e-06  4.714087799167316e-06
 -1.135078812115677e-15 -2.666412427172437e-18 -3.646532877807442e-16
  2.670399387347407e-01  6.892295657306489e-02  7.683038855963714e-03
  5.650683339945657e-02  1.049081875023708e-01  3.831184665173898e-06
  1.334354636537119e-05  1.685302307087034e-06  3.979328750126434e+04
  6.616989327731457e+05  3.607421292735100e-04  5.355008693123108e-02
  2.507731330175795e-03  4.824150355543093e+01  2.428693980353240e+02
  4.282225811329876e+00  3.094637674319186e+02 -1.275807656591383e-02
  4.634668028476681e-09 -1.401737801990934e-03 -7.760620161736153e+00
  2.853431309466852e+00  6.034658577174208e+01  2.415205644349754e-01
  1.124414830365717e+04  5.410624311690002e+09  4.018913159993740e-01
  3.487188737512047e-01  2.710041881092336e-01  6.045623864475109e-01
  1.188068284945402e-10  2.289786566644448e-10  2.378558401234437e-14
  3.633936435191919e-02  8.334914071001899e+01  6.719165203311989e-01
  4.684438200352380e+02  2.596392493804920e-08  1.197595551009418e-08
  1.536682471424787e-10  2.902701331928752e-09  9.852975066205690e+04
  1.011639197057002e+05  3.331812424287182e-05  9.841324440716235e-03
  2.152884755835979e+01  2.120011750457353e-02  4.154105021585205e-02
  2.731781283678388e-10  2.055682460996716e-10  6.366711728195386e-03
  2.564701508759342e-04  1.056984832979738e-02  1.144237907683644e-02
  6.715972090924574e-02  3.687906396434318e-02  3.028065694490258e-02
  2.464624530377704e+01  2.854565062893616e+02  2.863468796179881e+02
  2.863468796179881e+02  2.863468796179881e+02  6.029840513366011e+00
  3.858544818061385e-01  4.544663123920004e-11  9.268120106675100e-10
  1.331689419392347e-08  7.475702168013529e-10  1.769779638184646e-12
  1.130160401294897e-08  1.918853026257889e+08  2.042043051370473e+08
  1.266981055681734e+06  2.744012351205901e-10  5.848954497998239e-10
  1.894804186332448e-11  1.555558983508218e-11  2.981434670741896e-10
  1.685746288187587e-12]
