[ 3.984166708990804e+02  3.667480183197081e+03  2.274697898555066e-06
  3.103405081869094e-06  6.220867663952010e+00  8.039310554773868e-02
  5.975431963715013e+05  1.169441293503678e+04  1.747455505778608e+01
  2.099373539503673e-06  1.478795447562416e-06  1.216866515220607e-01
 -4.196914703549408e-09  5.519668147154469e-06  4.745332248706042e-06
 -1.134604491294449e-15 -2.673010119271279e-18 -3.661136912211217e-16
  2.667584334755335e-01  6.907453254111945e-02  7.698431386158436e-03
  5.656177739034594e-02  1.048375836095749e-01  3.834852026401123e-06
  1.328326334493249e-05  1.688530895827862e-06  3.986625647417049e+04
  6.641518043796098e+05  3.577542348278604e-04  5.277017390376710e-02
  2.507767700656788e-03  4.824254646424606e+01  2.428694607547526e+02
  4.282144063925220e+00  3.094661988996058e+02 -1.271093917116866e-02
  4.616398521364218e-09 -1.401792043279131e-03 -7.753773235253045e+00
  2.854414225287853e+00  6.035020454842073e+01  2.412225084807147e-01
  1.124415115455698e+04  5.418190609211763e+09  4.015378334976346e-01
  3.476210101036343e-01  2.707533122801953e-01  6.037393894619284e-01
  1.188064798234746e-10  2.288000984714440e-10  2.376687306828274e-14
  3.633984026486052e-02  8.336859935709317e+01  6.719160444182575e-01
  4.689584162108423e+02  2.588305737576123e-08  1.201190039266245e-08
  1.537994639202334e-10  2.915500544314835e-09  9.852975053178321e+04
  1.011639347348822e+05  3.332582906816209e-05  9.841928548890981e-03
  2.155091970331073e+01  2.119961363081764e-02  4.154103439964040e-02
  2.731094826973813e-10  2.063062510878399e-10  6.410123412958288e-03
  2.727065121670350e-04  1.048238841885599e-02  1.148854606120112e-02
  6.700795565900286e-02  3.684514864524997e-02  3.016280701375289e-02
  2.464623638299692e+01  2.854574383713975e+02  2.863493988003333e+02
  2.863493988003333e+02  2.863493988003333e+02  6.030084171451538e+00
  3.858919831073230e-01  4.553623058705936e-11  9.267359301507593e-10
  1.331388118389611e-08  7.473428670436054e-10  1.767217404153250e-12
  1.130096831649210e-08  1.920558866289387e+08  2.039043243884540e+08
  1.266892652769016e+06  2.751849036896586e-10  5.851444187720221e-10
  1.895372366560414e-11  1.555487335425480e-11  2.985270432125810e-10
  1.685800872569982e-12]
