[ 3.874064218602496e+02  3.617473201530311e+03  2.332482046282627e-06
  3.123238327577457e-06  6.213146964483865e+00  7.937024386219518e-02
  5.880034475283517e+05  1.166696892963899e+04  1.747462512981103e+01
  2.108825797019684e-06  1.458765965761050e-06  1.214912032980348e-01
 -4.186171605052053e-09  5.470149257640601e-06  4.681286273369234e-06
 -1.132943359243824e-15 -2.656706298587116e-18 -3.682460549836333e-16
  2.673766089172499e-01  6.893396316316798e-02  7.610177678295066e-03
  5.659658677401781e-02  1.048902326013650e-01  3.845973949930582e-06
  1.329951081754557e-05  1.687961775093915e-06  3.977851353225306e+04
  6.555116360924810e+05  3.563330269099064e-04  5.235054569107955e-02
  2.507665167114994e-03  4.824202066306334e+01  2.428695182368681e+02
  4.282104242633622e+00  3.094645589430637e+02 -1.283500354550338e-02
  4.659106437448035e-09 -1.401331627979852e-03 -7.774510602515659e+00
  2.859026659938748e+00  6.035081263092992e+01  2.414074061496288e-01
  1.124414937880991e+04  5.357477111585722e+09  4.017222614165663e-01
  3.471868087716359e-01  2.705489920736890e-01  6.035308823287382e-01
  1.189220374332819e-10  2.289097875459171e-10  2.376502269372986e-14
  3.633972284113408e-02  8.337225764099752e+01  6.719161618419840e-01
  4.676423571613054e+02  2.594000632732832e-08  1.197778420158015e-08
  1.490381951309748e-10  2.942224850122657e-09  9.852974508882013e+04
  1.011639316006412e+05  3.332747253746570e-05  9.841041318538017e-03
  2.151248988181121e+01  2.119972169974747e-02  4.154115001799662e-02
  2.733197791630039e-10  2.046733734308105e-10  6.339795913252785e-03
  2.737589549896849e-04  1.061511376280433e-02  1.145896217466060e-02
  6.702439589418817e-02  3.696070789417279e-02  3.006368800001539e-02
  2.464587553905078e+01  2.854547637854270e+02  2.863425902281293e+02
  2.863425902281293e+02  2.863425902281293e+02  6.029990468923418e+00
  3.846676418181769e-01  4.560920838473061e-11  9.310050797335709e-10
  1.338574614074449e-08  7.473745032267499e-10  1.770259386800687e-12
  1.130822045055081e-08  1.921467524059078e+08  2.043244908578271e+08
  1.268729614063375e+06  2.756765971579387e-10  5.852967536768063e-10
  1.894706036467868e-11  1.555735421504638e-11  2.996343088640818e-10
  1.685289292776157e-12]
