[ 3.832496027162582e+02  3.576895702857212e+03  2.329960745424737e-06
  3.102391229307073e-06  6.210468359162864e+00  8.015179775209048e-02
  5.955432904078917e+05  1.164710966686701e+04  1.747393135229500e+01
  2.106996816211761e-06  1.469224086419470e-06  1.216366323296553e-01
 -4.187621522981876e-09  5.485726524825555e-06  4.714302815501642e-06
 -1.138801537813638e-15 -2.662811693929330e-18 -3.681811256990828e-16
  2.670604372855407e-01  6.899908316012331e-02  7.693990790530350e-03
  5.649978335641380e-02  1.048453236982901e-01  3.832042508397363e-06
  1.335942672363709e-05  1.685334023597727e-06  3.969287973614260e+04
  6.619892337212641e+05  3.570000961570566e-04  5.253887111619403e-02
  2.507609992748820e-03  4.824054005883567e+01  2.428694683721436e+02
  4.282102826168138e+00  3.094618234567088e+02 -1.288028546118387e-02
  4.643354419097817e-09 -1.402296565161541e-03 -7.795476441454108e+00
  2.851792346126484e+00  6.034993974905157e+01  2.414367786787382e-01
  1.124414858568189e+04  5.394952600514219e+09  4.019139790411458e-01
  3.484538194501440e-01  2.706703141498448e-01  6.034181000092560e-01
  1.187430999908048e-10  2.287356004556632e-10  2.380678493373128e-14
  3.633938369650339e-02  8.339979241898470e+01  6.719165009866146e-01
  4.679034472737181e+02  2.601870837465633e-08  1.201112848042746e-08
  1.481866325732532e-10  2.949325666789566e-09  9.852974309156707e+04
  1.011639442937656e+05  3.333835091497842e-05  9.841746703825368e-03
  2.154697424827060e+01  2.119887822915355e-02  4.154106060352457e-02
  2.731311127586981e-10  2.053485509585748e-10  6.384251050669454e-03
  2.710118777909348e-04  1.054216632713346e-02  1.144827194989737e-02
  6.715593905896813e-02  3.695727065642838e-02  3.019866840253975e-02
  2.464533426992165e+01  2.854587227808523e+02  2.863506858587911e+02
  2.863506858587911e+02  2.863506858587911e+02  6.030884569674380e+00
  3.855545833989888e-01  4.554394188117197e-11  9.282113545949123e-10
  1.333993670113109e-08  7.472062911491815e-10  1.767606890298704e-12
  1.129563211166273e-08  1.919857250379559e+08  2.041376434449339e+08
  1.267071241640027e+06  2.750873052795541e-10  5.855130168440315e-10
  1.895520572500889e-11  1.555112519880117e-11  2.973582874438567e-10
  1.681828568977924e-12]
