[ 3.969441429190045e+02  3.682925008537929e+03  2.310367361618992e-06
  3.125143085198560e-06  6.204724397781232e+00  7.925944428321735e-02
  5.916198552413911e+05  1.165696051516984e+04  1.747372986744569e+01
  2.099551808269166e-06  1.464824021399183e-06  1.215885608638819e-01
 -4.222046408448808e-09  5.529716241348550e-06  4.687105488627387e-06
 -1.138008116200727e-15 -2.679662815666187e-18 -3.678067317418197e-16
  2.675800564656973e-01  6.885557191325049e-02  7.598019963397675e-03
  5.645759960182797e-02  1.046301888795715e-01  3.839166758938190e-06
  1.336782772980444e-05  1.688209814346506e-06  3.974565763035110e+04
  6.602955116053026e+05  3.561525341847553e-04  5.232820360772664e-02
  2.507729842689829e-03  4.824152383303547e+01  2.428694386706022e+02
  4.282054946725222e+00  3.094681428730738e+02 -1.279209746468330e-02
  4.654575346157201e-09 -1.402040651930759e-03 -7.774992229953824e+00
  2.851873034748127e+00  6.034526401417698e+01  2.412287371388325e-01
  1.124414848102294e+04  5.398672733848596e+09  4.015738955541975e-01
  3.471253470771922e-01  2.706278605506493e-01  6.027738320913304e-01
  1.187986701754523e-10  2.288015615836286e-10  2.378973610847655e-14
  3.633966727813745e-02  8.337466695863935e+01  6.719162174049806e-01
  4.685125286971155e+02  2.608432036478162e-08  1.194029274384023e-08
  1.540402029384082e-10  2.919438164214709e-09  9.852975037481874e+04
  1.011639549965862e+05  3.332838411892660e-05  9.842030848801460e-03
  2.149464479133544e+01  2.120036541520470e-02  4.154115990483362e-02
  2.733834065141688e-10  2.052349899623713e-10  6.357573078132994e-03
  2.703231096412768e-04  1.050583973021114e-02  1.143062074963160e-02
  6.711642953769678e-02  3.690248838948918e-02  3.021394114820761e-02
  2.464593114254064e+01  2.854552848544692e+02  2.863437495999938e+02
  2.863437495999938e+02  2.863437495999938e+02  6.029773905904476e+00
  3.847714038671307e-01  4.557564482313294e-11  9.279275990819829e-10
  1.333016363063579e-08  7.478908535712425e-10  1.769875597216144e-12
  1.130724561041415e-08  1.922133720825935e+08  2.041837258173119e+08
  1.267551883098141e+06  2.753217569044125e-10  5.855712625270280e-10
  1.895656192359344e-11  1.555764607659469e-11  2.976328995396015e-10
  1.691370009941569e-12]
