[ 3.938460517650669e+02  3.590866500755410e+03  2.340551359228944e-06
  3.145718892125741e-06  6.217242073694562e+00  7.988765280303473e-02
  5.927036613195471e+05  1.168597082345345e+04  1.747508017868182e+01
  2.107682340613996e-06  1.463309071761876e-06  1.215815473801542e-01
 -4.198804659303104e-09  5.498050294193864e-06  4.722921457401018e-06
 -1.139860712723959e-15 -2.668676706436043e-18 -3.629475742425399e-16
  2.668638210963605e-01  6.897982649332231e-02  7.652023004730614e-03
  5.683516607748539e-02  1.050036806201732e-01  3.862524793233958e-06
  1.329617747421992e-05  1.690817253152684e-06  3.983199599427557e+04
  6.605296599844099e+05  3.607269663335680e-04  5.367096342921860e-02
  2.507728668572775e-03  4.824143280208336e+01  2.428693877809351e+02
  4.282092751980239e+00  3.094643454187372e+02 -1.282894591448007e-02
  4.640804434380794e-09 -1.401869539812706e-03 -7.783780883125597e+00
  2.854227718896185e+00  6.034823531338816e+01  2.414849453141396e-01
  1.124414876068432e+04  5.401483699821388e+09  4.011984546405175e-01
  3.486479938026490e-01  2.706014997903651e-01  6.039401502605319e-01
  1.186994851140413e-10  2.288722941653049e-10  2.380463315571617e-14
  3.633943929004262e-02  8.337815884540537e+01  6.719164453930754e-01
  4.683944327876965e+02  2.599733415189028e-08  1.198069672510559e-08
  1.460740654308429e-10  2.936998987893366e-09  9.852974462645839e+04
  1.011639941847283e+05  3.332973192225727e-05  9.841923417055915e-03
  2.152599488065939e+01  2.120040505458801e-02  4.154095503237695e-02
  2.733266238962657e-10  2.059212982417817e-10  6.381353573672695e-03
  2.754845882199537e-04  1.054874197766081e-02  1.151601359361701e-02
  6.717534341653519e-02  3.705757362775168e-02  3.011776978878353e-02
  2.464552540769235e+01  2.854551361729378e+02  2.863448693997867e+02
  2.863448693997867e+02  2.863448693997867e+02  6.030053739616061e+00
  3.851401371890342e-01  4.556027774165928e-11  9.295163946843915e-10
  1.336319752270459e-08  7.473000129068342e-10  1.768320388021939e-12
  1.129882881637560e-08  1.922687474728966e+08  2.041258966116614e+08
  1.267661245433766e+06  2.750922481610723e-10  5.856279447948749e-10
  1.893677769579472e-11  1.555375658039942e-11  2.986477085406749e-10
  1.686842227008935e-12]
