[ 3.829805124054614e+02  3.655346886812862e+03  2.346515534795276e-06
  3.132191622937588e-06  6.207522360362177e+00  7.989927804055966e-02
  5.876587649571975e+05  1.167996138354842e+04  1.747266829970910e+01
  2.101619876499902e-06  1.457483476541132e-06  1.215632609016336e-01
 -4.201118716609585e-09  5.490894173625265e-06  4.697371025643995e-06
 -1.136157952029999e-15 -2.669714995697389e-18 -3.666648756029070e-16
  2.671241660381277e-01  6.894698066483787e-02  7.644096486329845e-03
  5.678738273204757e-02  1.047306755922137e-01  3.837061813741377e-06
  1.336437207914747e-05  1.687902861494710e-06  3.981297705104954e+04
  6.521974508515630e+05  3.565461308377505e-04  5.260690991786963e-02
  2.507727244757461e-03  4.824050243755110e+01  2.428694460417915e+02
  4.282296494640795e+00  3.094566432835745e+02 -1.293941482123852e-02
  4.645356015290522e-09 -1.401125429250214e-03 -7.798089745899216e+00
  2.852812755428755e+00  6.034260172806857e+01  2.414753244889613e-01
  1.124414679215952e+04  5.321678371494463e+09  4.015369260209498e-01
  3.479209508694124e-01  2.708237808444379e-01  6.036140130071240e-01
  1.187472134088452e-10  2.289423710894512e-10  2.379785967265776e-14
  3.633938269873611e-02  8.334511350030292e+01  6.719165019843819e-01
  4.682121490467513e+02  2.594698534505857e-08  1.205138842530601e-08
  1.502476993846860e-10  2.924279321739512e-09  9.852974986898388e+04
  1.011639457192028e+05  3.331654997235266e-05  9.841955009064707e-03
  2.151445442113672e+01  2.119902476057397e-02  4.154107501556928e-02
  2.731378015396186e-10  2.056827869592688e-10  6.374208129554516e-03
  2.651577172076944e-04  1.058512427952965e-02  1.141558978123452e-02
  6.694953883917200e-02  3.686349783969543e-02  3.008604099947658e-02
  2.464610236304180e+01  2.854544955515008e+02  2.863439707609355e+02
  2.863439707609355e+02  2.863439707609355e+02  6.029329833998055e+00
  3.848677096529937e-01  4.551316203762835e-11  9.280266902151789e-10
  1.333449468359314e-08  7.474744927957424e-10  1.768140690372320e-12
  1.130229075803205e-08  1.919568684373209e+08  2.042256368602631e+08
  1.267370757675039e+06  2.750842204865144e-10  5.850062754627851e-10
  1.895804159401102e-11  1.555510011410043e-11  2.974880158473936e-10
  1.682875093381479e-12]
