[ 3.808983575245687e+02  3.498347669788478e+03  2.329653423808761e-06
  3.121785317656257e-06  6.206903146589602e+00  8.001054997723642e-02
  5.922216349105471e+05  1.161268092252866e+04  1.747240683369380e+01
  2.093922442875579e-06  1.467453110705976e-06  1.215752794296416e-01
 -4.189840036902873e-09  5.488831587407591e-06  4.701776061961979e-06
 -1.136492856464513e-15 -2.667468379597084e-18 -3.652953441506032e-16
  2.671202768591112e-01  6.889237695474131e-02  7.664485662218636e-03
  5.639313599779702e-02  1.047270989048163e-01  3.820050043094213e-06
  1.331506620997934e-05  1.674238486956855e-06  3.963901555549565e+04
  6.588643638046717e+05  3.569840216412982e-04  5.260551032578056e-02
  2.507826544703633e-03  4.824239161745506e+01  2.428693110344723e+02
  4.282237534051031e+00  3.094627654855578e+02 -1.256226575955791e-02
  4.647530796154598e-09 -1.398843802631866e-03 -7.705054863198706e+00
  2.853640750823681e+00  6.034239104770500e+01  2.414215294615795e-01
  1.124414428513577e+04  5.365462917524411e+09  4.018390215017940e-01
  3.479187435748790e-01  2.702327563612635e-01  6.033329558223424e-01
  1.186699759217746e-10  2.290547994747267e-10  2.385409233822907e-14
  3.633946105834170e-02  8.340807325813047e+01  6.719164236247763e-01
  4.681414240786151e+02  2.594648265433864e-08  1.204408072402778e-08
  1.491815418193429e-10  2.952479238926101e-09  9.852975126350962e+04
  1.011639555727062e+05  3.334153084307437e-05  9.841520177432738e-03
  2.151624615891032e+01  2.119940097613033e-02  4.154104384660708e-02
  2.731675314965098e-10  2.055768177644098e-10  6.371697228165846e-03
  3.065048929722129e-04  1.044349946039912e-02  1.143627810700471e-02
  6.694679787220666e-02  3.678555787098278e-02  3.016124000122388e-02
  2.464634111097259e+01  2.854561527829978e+02  2.863468283740235e+02
  2.863468283740235e+02  2.863468283740235e+02  6.030404314301610e+00
  3.855673339334543e-01  4.553421563540698e-11  9.263226986547460e-10
  1.330531417421272e-08  7.473129260560117e-10  1.769869833970952e-12
  1.130526127955919e-08  1.920054818732482e+08  2.041061664640812e+08
  1.266535252309218e+06  2.750686776725777e-10  5.849863396341778e-10
  1.894371651839777e-11  1.555378150960906e-11  2.988266989764640e-10
  1.684523604647827e-12]
