[ 3.952379582704345e+02  3.777158329338157e+03  2.346019271210063e-06
  3.126609328676226e-06  6.199397450346420e+00  7.986087842124677e-02
  5.899304728337532e+05  1.162101020077288e+04  1.747179695244860e+01
  2.101786407824145e-06  1.467383822750776e-06  1.215421021007474e-01
 -4.193126263481709e-09  5.497452622833089e-06  4.717569167936475e-06
 -1.131990757870545e-15 -2.672572259708485e-18 -3.663202123037958e-16
  2.672935641155725e-01  6.884064105217422e-02  7.640791254978950e-03
  5.665915864117464e-02  1.047737006097040e-01  3.840430809196223e-06
  1.335615952747288e-05  1.678382120900618e-06  3.959575819334326e+04
  6.563727943439741e+05  3.596196042282798e-04  5.337436139930521e-02
  2.507714247958502e-03  4.824045210035820e+01  2.428694182019605e+02
  4.282127206130371e+00  3.094596624146491e+02 -1.281590914240429e-02
  4.637548242852320e-09 -1.400447062413589e-03 -7.768920763481661e+00
  2.857171425840578e+00  6.034762347362816e+01  2.413759437150093e-01
  1.124414794543534e+04  5.366120203135261e+09  4.011488328919946e-01
  3.486026538095985e-01  2.707938555912568e-01  6.040562315790960e-01
  1.189438395203318e-10  2.288428026587244e-10  2.378950821106601e-14
  3.633951459018040e-02  8.336581735187323e+01  6.719163700929376e-01
  4.686739860661880e+02  2.593598308265504e-08  1.201876218385897e-08
  1.511492364511074e-10  2.931333825465409e-09  9.852974705109923e+04
  1.011639507677902e+05  3.332464992690182e-05  9.842531405181354e-03
  2.153106601240759e+01  2.119804283893018e-02  4.154105242228167e-02
  2.730823497261963e-10  2.058224939144486e-10  6.363961414241124e-03
  2.755032241579260e-04  1.052672422227528e-02  1.148398818168359e-02
  6.707224415702212e-02  3.689146757213053e-02  3.018077658489159e-02
  2.464589085682174e+01  2.854561127269126e+02  2.863469629434709e+02
  2.863469629434709e+02  2.863469629434709e+02  6.030157413910395e+00
  3.857354449866166e-01  4.550679472901973e-11  9.301654139062662e-10
  1.336583028010632e-08  7.472750321081512e-10  1.767509447398126e-12
  1.129840742747400e-08  1.919068097677590e+08  2.041005554736509e+08
  1.268102525528487e+06  2.748485529984169e-10  5.852329573572362e-10
  1.895681320805507e-11  1.555606222870369e-11  2.972473894030358e-10
  1.686444447832534e-12]
