[ 3.931327998794392e+02  3.446749590568257e+03  2.326181258646598e-06
  3.125137875598692e-06  6.196386373404830e+00  7.983131589829867e-02
  5.896854428306256e+05  1.166077889111007e+04  1.747489108413389e+01
  2.100206302582462e-06  1.461473398442383e-06  1.216297604730629e-01
 -4.195806261508873e-09  5.489476680260198e-06  4.692010238819176e-06
 -1.141461169496100e-15 -2.679974583940834e-18 -3.694070911744413e-16
  2.671433180325616e-01  6.884117261042015e-02  7.631952175119275e-03
  5.622759781769575e-02  1.046478338902605e-01  3.836550347090601e-06
  1.328842305982603e-05  1.686703457409789e-06  3.973013110455922e+04
  6.583490964774874e+05  3.588738117252378e-04  5.305459879249444e-02
  2.507742804158302e-03  4.824216204752306e+01  2.428694443764479e+02
  4.282083046659214e+00  3.094614522994580e+02 -1.287740746226602e-02
  4.645406761838244e-09 -1.402472910498082e-03 -7.798694284429595e+00
  2.850926205998270e+00  6.035287983724393e+01  2.413043255493268e-01
  1.124414835349696e+04  5.365115727293598e+09  4.017236300548823e-01
  3.474473194275994e-01  2.707913325003126e-01  6.032204995452741e-01
  1.188473456268169e-10  2.288297526604277e-10  2.382736886765277e-14
  3.633936453484304e-02  8.334865905879332e+01  6.719165201482750e-01
  4.686397395890573e+02  2.607722118686351e-08  1.203342210467657e-08
  1.471644565240885e-10  2.919271469866440e-09  9.852974826330361e+04
  1.011639330223534e+05  3.331794560235249e-05  9.842189008656120e-03
  2.152029234270817e+01  2.119951908055873e-02  4.154104632535677e-02
  2.733474083145877e-10  2.057465379036268e-10  6.392631850506902e-03
  2.610242556882581e-04  1.056832642960510e-02  1.145383706458787e-02
  6.710440316724275e-02  3.698218828704009e-02  3.012221488020266e-02
  2.464580883012406e+01  2.854546372632731e+02  2.863440781115970e+02
  2.863440781115970e+02  2.863440781115970e+02  6.028475226523835e+00
  3.851380638286913e-01  4.557998846548101e-11  9.294518524777344e-10
  1.334784830896466e-08  7.479048447600683e-10  1.770111245091918e-12
  1.130804097175466e-08  1.921811094690146e+08  2.041000697248158e+08
  1.268355929922638e+06  2.754125176574033e-10  5.853352029579201e-10
  1.895807768151562e-11  1.555953089593480e-11  2.992904706060422e-10
  1.685445282549215e-12]
