[ 3.621561840509553e+02  3.588901611460338e+03  2.349521588756182e-06
  3.134887630188717e-06  6.214770702050415e+00  7.997955512819242e-02
  5.964259762003466e+05  1.170162000205771e+04  1.747336991391436e+01
  2.107852819799812e-06  1.467486503800022e-06  1.215746157359471e-01
 -4.178819078390165e-09  5.481686987849900e-06  4.714793763520003e-06
 -1.134637930427773e-15 -2.672849940744353e-18 -3.682110769937634e-16
  2.673493739125082e-01  6.898928062715227e-02  7.678954457785412e-03
  5.662117976139756e-02  1.048225417979406e-01  3.839931961325356e-06
  1.328879537285159e-05  1.685745755205191e-06  3.986715479311719e+04
  6.617766401407798e+05  3.585313713357169e-04  5.303267465316644e-02
  2.507680513523514e-03  4.824048703684750e+01  2.428694261909642e+02
  4.282245583464961e+00  3.094675531530767e+02 -1.255734546152860e-02
  4.631990310075894e-09 -1.400430646848551e-03 -7.707908462335350e+00
  2.851307982259796e+00  6.034562783412816e+01  2.415537039921459e-01
  1.124414949170919e+04  5.411675550694723e+09  4.018592487582283e-01
  3.475036941152924e-01  2.707872649426869e-01  6.034990751938394e-01
  1.188046452057167e-10  2.290767822234958e-10  2.374238187732590e-14
  3.633907454864562e-02  8.330892038369095e+01  6.719168101344724e-01
  4.683296358858065e+02  2.594172501170270e-08  1.208865741389931e-08
  1.465697984611303e-10  2.944451029281128e-09  9.852974559770840e+04
  1.011639453782895e+05  3.330197162264853e-05  9.841700771628322e-03
  2.148981697018857e+01  2.120059432945026e-02  4.154113673911624e-02
  2.732177545203120e-10  2.055904942831448e-10  6.360826572183871e-03
  2.839127879389679e-04  1.048914524300031e-02  1.144329326064190e-02
  6.708431254907957e-02  3.695005222092286e-02  3.013426032815671e-02
  2.464558464147059e+01  2.854555831478465e+02  2.863442735992925e+02
  2.863442735992925e+02  2.863442735992925e+02  6.029741949059162e+00
  3.857507284901925e-01  4.554943685200071e-11  9.275380073639881e-10
  1.332020191641700e-08  7.476022953081000e-10  1.769878479224606e-12
  1.130287728459958e-08  1.920245461319647e+08  2.043869646065006e+08
  1.267269853444751e+06  2.751342259360871e-10  5.857574225714856e-10
  1.895660975085881e-11  1.556496317378890e-11  2.983249509219046e-10
  1.682979759383007e-12]
