[ 3.861228334604879e+02  3.687612530664307e+03  2.305942496555902e-06
  3.123515371418704e-06  6.214904782901516e+00  7.948640647856192e-02
  5.857292588364371e+05  1.170453049586848e+04  1.747234243409434e+01
  2.107111611073735e-06  1.457006603783848e-06  1.215953208751641e-01
 -4.194523474263181e-09  5.494830199365195e-06  4.707030872128762e-06
 -1.142121043848478e-15 -2.664765741671220e-18 -3.699197669832401e-16
  2.678582769104800e-01  6.900634274040239e-02  7.610944047605255e-03
  5.667400417869380e-02  1.048618429941312e-01  3.844737880285520e-06
  1.328888338020751e-05  1.688271378948422e-06  3.992103420418178e+04
  6.567631480721603e+05  3.572450387396895e-04  5.265491604125752e-02
  2.507729508591899e-03  4.824006044364288e+01  2.428693922749099e+02
  4.282228174814021e+00  3.094546405694010e+02 -1.285851782182677e-02
  4.645064960436499e-09 -1.401110186853585e-03 -7.784114388205408e+00
  2.848147775510341e+00  6.034905683798555e+01  2.414836143084207e-01
  1.124414608727048e+04  5.370096014135876e+09  4.017061147389524e-01
  3.480277596456062e-01  2.704216517471505e-01  6.030341119979478e-01
  1.188356556088642e-10  2.288878391495992e-10  2.380836711517467e-14
  3.633951328035646e-02  8.337769447787225e+01  6.719163714027615e-01
  4.680820694141346e+02  2.607496781450662e-08  1.201180106658277e-08
  1.468649760619675e-10  2.920870142715752e-09  9.852975116170671e+04
  1.011639764612214e+05  3.332947275039958e-05  9.841182957597977e-03
  2.150580734695615e+01  2.119911347867750e-02  4.154115809595028e-02
  2.731789243954357e-10  2.062646571034701e-10  6.388924070766366e-03
  2.703011537710470e-04  1.053933623368085e-02  1.150035233651443e-02
  6.712407175669695e-02  3.700526727683215e-02  3.011880447986480e-02
  2.464615931448427e+01  2.854541588769158e+02  2.863423066077248e+02
  2.863423066077248e+02  2.863423066077248e+02  6.029727477821724e+00
  3.854038598859238e-01  4.553185277539565e-11  9.274893313187139e-10
  1.332190441933090e-08  7.473081621312267e-10  1.769182811519675e-12
  1.129862836393624e-08  1.921492428807383e+08  2.041775578665206e+08
  1.266946978685338e+06  2.750121959159347e-10  5.850770918231805e-10
  1.895032467806239e-11  1.555079273452508e-11  2.973332719388017e-10
  1.684785968925528e-12]
