[ 3.864090922282396e+02  3.461502160164770e+03  2.302148637499877e-06
  3.098444694213841e-06  6.212989827679535e+00  8.025354125900976e-02
  5.873426076614819e+05  1.170274961920883e+04  1.747265727085755e+01
  2.109196576917167e-06  1.466306241492766e-06  1.216687106530530e-01
 -4.196645997407316e-09  5.502002126403601e-06  4.697643464199432e-06
 -1.139866706606929e-15 -2.674332079183841e-18 -3.690294065099686e-16
  2.674153801602775e-01  6.899101454963595e-02  7.671737855568627e-03
  5.641618400644173e-02  1.046768262441421e-01  3.841209031926053e-06
  1.331630201724450e-05  1.689881186173973e-06  3.989132641426413e+04
  6.556166462894351e+05  3.566070720670641e-04  5.244097230164170e-02
  2.507696127071286e-03  4.824168176702941e+01  2.428694643926564e+02
  4.282213215665661e+00  3.094591834134405e+02 -1.285419481689790e-02
  4.640617549127765e-09 -1.401935432292102e-03 -7.786446143429081e+00
  2.848177872675348e+00  6.034960757049006e+01  2.413208209402141e-01
  1.124414897000250e+04  5.353228624091946e+09  4.014144066674448e-01
  3.480264771519360e-01  2.706179413032872e-01  6.032650515885685e-01
  1.187997899905542e-10  2.290030587161825e-10  2.378397304947212e-14
  3.633958007343309e-02  8.333269025795362e+01  6.719163046096850e-01
  4.684459642985879e+02  2.597815110306357e-08  1.196056565654258e-08
  1.473713418828656e-10  2.925858477941769e-09  9.852974663769497e+04
  1.011639296966890e+05  3.331161071178023e-05  9.842113447753573e-03
  2.147807319765156e+01  2.119901101120556e-02  4.154104841597142e-02
  2.731687424619309e-10  2.058516652562824e-10  6.368087440270920e-03
  2.901556223967140e-04  1.050341750957710e-02  1.146486220293625e-02
  6.721633116641684e-02  3.698152294310761e-02  3.023480822330923e-02
  2.464584851698915e+01  2.854550732998014e+02  2.863440145699800e+02
  2.863440145699800e+02  2.863440145699800e+02  6.029709257984309e+00
  3.849489892628891e-01  4.556740586388257e-11  9.304424315937370e-10
  1.337671887310254e-08  7.480850715945969e-10  1.771904507541569e-12
  1.130817192653843e-08  1.922820764969250e+08  2.042722913285917e+08
  1.268815658299607e+06  2.753293229864163e-10  5.851276669854471e-10
  1.895721033007499e-11  1.555561783079954e-11  2.986372107788451e-10
  1.684345459281315e-12]
