[ 3.850006127648091e+02  3.567098898423502e+03  2.324459116682036e-06
  3.134397055596922e-06  6.209383619436379e+00  8.078063359439329e-02
  5.989970299594693e+05  1.165852683519435e+04  1.747816735287878e+01
  2.109160974084066e-06  1.490244167300183e-06  1.216363999600448e-01
 -4.198233252626593e-09  5.512555883333392e-06  4.699694327391459e-06
 -1.139548984852525e-15 -2.667360967974675e-18 -3.685074406139230e-16
  2.670608469056591e-01  6.896268391169436e-02  7.721446905283405e-03
  5.657834275467012e-02  1.047157550748725e-01  3.845850211522073e-06
  1.333622114344221e-05  1.690695683425244e-06  3.969191307661329e+04
  6.691382805604564e+05  3.568121425345546e-04  5.251832972123556e-02
  2.507673416928270e-03  4.824102558147088e+01  2.428694438262799e+02
  4.282117649435486e+00  3.094689601191085e+02 -1.278188820200273e-02
  4.645240307764773e-09 -1.402262745747527e-03 -7.771783192158859e+00
  2.853465939185432e+00  6.034995340487548e+01  2.413775475495971e-01
  1.124415062536806e+04  5.472923773479217e+09  4.016298635983508e-01
  3.492698030172181e-01  2.706332000264063e-01  6.043898115195421e-01
  1.186876984842064e-10  2.288815368912493e-10  2.379257604427285e-14
  3.633934395949102e-02  8.338429865105012e+01  6.719165407236269e-01
  4.688440669004181e+02  2.600729974346864e-08  1.196550674464940e-08
  1.458355995217837e-10  2.937139283548759e-09  9.852974665789922e+04
  1.011639803251592e+05  3.333216187854516e-05  9.841131803282315e-03
  2.152285810025783e+01  2.119882406687418e-02  4.154115232649724e-02
  2.731171061616600e-10  2.056588338218425e-10  6.388574129819552e-03
  2.714750716900389e-04  1.048865100916511e-02  1.145550309910164e-02
  6.740597245053701e-02  3.701409460515766e-02  3.039187784537934e-02
  2.464571539202603e+01  2.854561436207305e+02  2.863468751367800e+02
  2.863468751367800e+02  2.863468751367800e+02  6.029680186217593e+00
  3.858985688280276e-01  4.549866825737425e-11  9.284599844652022e-10
  1.335210188754732e-08  7.477237655224822e-10  1.767912643986568e-12
  1.130328741669398e-08  1.919433426100231e+08  2.041061337088357e+08
  1.267619547727798e+06  2.748010373153293e-10  5.854010450940851e-10
  1.895427723677085e-11  1.555102806596590e-11  2.985485898140973e-10
  1.683523125207302e-12]
