[ 3.853624805885069e+02  3.442520875804350e+03  2.313158499613464e-06
  3.127927552081519e-06  6.204536246676634e+00  7.977671641060267e-02
  5.877462104196039e+05  1.167965379697085e+04  1.746986687089793e+01
  2.103098624090324e-06  1.460205729987922e-06  1.215910488082938e-01
 -4.215296599247733e-09  5.514469413804247e-06  4.721732739567658e-06
 -1.139187168733224e-15 -2.674711898454749e-18 -3.683700099777188e-16
  2.674079179982185e-01  6.891483513147748e-02  7.620426315898386e-03
  5.634727045403460e-02  1.046414345148719e-01  3.841819093384446e-06
  1.333973356004022e-05  1.687884229155344e-06  3.980066282218534e+04
  6.527880214967767e+05  3.592625023211164e-04  5.327808024947069e-02
  2.507700769146132e-03  4.824044460816260e+01  2.428693927640638e+02
  4.282186784657259e+00  3.094640277555100e+02 -1.280846605949894e-02
  4.637952453337087e-09 -1.401204303669946e-03 -7.776801345813774e+00
  2.855087957258985e+00  6.034891009553199e+01  2.412894386934803e-01
  1.124414739777819e+04  5.338510738209389e+09  4.016718653550979e-01
  3.482664089781635e-01  2.705789476796993e-01  6.035129091593574e-01
  1.186965067754760e-10  2.289012318083000e-10  2.383792292258786e-14
  3.633917315306628e-02  8.338730967279625e+01  6.719167115300517e-01
  4.677210345512902e+02  2.598612325040703e-08  1.195056833166014e-08
  1.458558169085333e-10  2.928544867446873e-09  9.852974479306012e+04
  1.011639743574624e+05  3.333334692567693e-05  9.841174978113119e-03
  2.154952809073593e+01  2.119848528714844e-02  4.154107328300162e-02
  2.732625651619776e-10  2.060047912275324e-10  6.399772577581143e-03
  2.757446176575725e-04  1.063735559873745e-02  1.148662872402404e-02
  6.710830920315596e-02  3.693574253368256e-02  3.017256666947341e-02
  2.464564063430679e+01  2.854535553287428e+02  2.863438658654542e+02
  2.863438658654542e+02  2.863438658654542e+02  6.029850817160145e+00
  3.852418253533467e-01  4.556173101705884e-11  9.286635395165089e-10
  1.333858309440524e-08  7.473416936525420e-10  1.766726179811762e-12
  1.129481295724914e-08  1.920216480822096e+08  2.040506062104336e+08
  1.267060023697789e+06  2.753481632250322e-10  5.845511571901239e-10
  1.894314594411302e-11  1.554998043901086e-11  2.985243831063717e-10
  1.683560494730009e-12]
