[ 4.009921171368314e+02  3.553645871865162e+03  2.310746785090590e-06
  3.131320817388997e-06  6.216648911345427e+00  7.975865299569621e-02
  5.885672351130977e+05  1.165725931524794e+04  1.747574417903031e+01
  2.095594545738320e-06  1.471669492425807e-06  1.215397505065497e-01
 -4.175131334829054e-09  5.448540933632298e-06  4.727047562663500e-06
 -1.127131810960341e-15 -2.666831822412201e-18 -3.667760180892854e-16
  2.674332225578750e-01  6.897899228670619e-02  7.628935718542049e-03
  5.658958975427215e-02  1.048271474095098e-01  3.820306579591989e-06
  1.334583508196451e-05  1.676676236460269e-06  3.981798561734631e+04
  6.600061155650936e+05  3.586931571491164e-04  5.298180963851606e-02
  2.507690154117898e-03  4.824144957856710e+01  2.428695226422111e+02
  4.282299342287911e+00  3.094693672356120e+02 -1.269004849226171e-02
  4.628704925743943e-09 -1.401728319303081e-03 -7.745311926895367e+00
  2.853232584779504e+00  6.034513851570081e+01  2.414697894675167e-01
  1.124415040373468e+04  5.394312656550299e+09  4.013178457818600e-01
  3.483840732324576e-01  2.708347616531009e-01  6.040852279977933e-01
  1.186653256850198e-10  2.288685973732125e-10  2.380155304773544e-14
  3.634002617900536e-02  8.334241546211187e+01  6.719158585041126e-01
  4.681854929083721e+02  2.590897423639568e-08  1.203389880218820e-08
  1.467558815233882e-10  2.937085673826844e-09  9.852974697868660e+04
  1.011639386903248e+05  3.331539321359883e-05  9.841454614276338e-03
  2.150940719357469e+01  2.119925517560738e-02  4.154111196729541e-02
  2.732229431591834e-10  2.057600051175248e-10  6.394223818923118e-03
  2.621496798906696e-04  1.049293281794798e-02  1.151451590171697e-02
  6.687341214410233e-02  3.666546590582953e-02  3.020794623827282e-02
  2.464605878452194e+01  2.854561408930778e+02  2.863460551373432e+02
  2.863460551373432e+02  2.863460551373432e+02  6.029733528907311e+00
  3.855056864822864e-01  4.559144217604259e-11  9.272372044667728e-10
  1.332492900971667e-08  7.475489950960273e-10  1.768945191713181e-12
  1.130639364281866e-08  1.922127666326392e+08  2.040543016906588e+08
  1.267016649772349e+06  2.755083292822918e-10  5.851146236944579e-10
  1.895643427628166e-11  1.555779075515842e-11  2.968479478111267e-10
  1.683598186324536e-12]
