[ 4.014120435122800e+02  3.559783705685490e+03  2.345864343481520e-06
  3.122745645124078e-06  6.209654265849952e+00  8.007513884181382e-02
  5.946781126172326e+05  1.161267146255931e+04  1.747332809502957e+01
  2.104365986668421e-06  1.472922223686674e-06  1.216974175031327e-01
 -4.196849454780483e-09  5.488825800003359e-06  4.688135513393999e-06
 -1.139195512082646e-15 -2.672419724569764e-18 -3.678861305933785e-16
  2.673471148455838e-01  6.899846599615291e-02  7.666553204363134e-03
  5.691013134227500e-02  1.046324163344434e-01  3.850240131630648e-06
  1.333524529947443e-05  1.694579392526161e-06  3.960115120777790e+04
  6.617466481332147e+05  3.613687148699304e-04  5.382085916043242e-02
  2.507726728932005e-03  4.824140331096535e+01  2.428693166112439e+02
  4.282230963589879e+00  3.094594894802730e+02 -1.270296310747084e-02
  4.654539757211414e-09 -1.399934173271534e-03 -7.745086240759187e+00
  2.849229128764239e+00  6.034546587969966e+01  2.413947247933614e-01
  1.124415038489581e+04  5.401732593544724e+09  4.016844872278731e-01
  3.497177739690678e-01  2.704193628948321e-01  6.047779277531276e-01
  1.188443197435248e-10  2.288927817302448e-10  2.380666520942072e-14
  3.633952701525014e-02  8.342536646434677e+01  6.719163576678679e-01
  4.682545467411118e+02  2.618984610452889e-08  1.194656473362829e-08
  1.477600827244896e-10  2.932926178552023e-09  9.852974935032049e+04
  1.011639660790826e+05  3.334867106951573e-05  9.841518483803600e-03
  2.152383456263521e+01  2.119843999392752e-02  4.154115379393181e-02
  2.732234021164840e-10  2.059863364527245e-10  6.369279211375539e-03
  2.681653774833464e-04  1.057150533952942e-02  1.144113002985498e-02
  6.734797027262926e-02  3.699213587641465e-02  3.035583439621463e-02
  2.464577571982434e+01  2.854543780126736e+02  2.863449890265259e+02
  2.863449890265259e+02  2.863449890265259e+02  6.029788718427378e+00
  3.860583868030146e-01  4.555160305944731e-11  9.281138612688519e-10
  1.333729523050754e-08  7.469588850471455e-10  1.769768727675381e-12
  1.129999203746449e-08  1.920633678873589e+08  2.039176999416695e+08
  1.267094930317380e+06  2.753423944974331e-10  5.853493869569514e-10
  1.895364846068288e-11  1.555736097465544e-11  2.995389540860655e-10
  1.682379778233969e-12]
