[ 3.894548296305352e+02  3.618014554874280e+03  2.310451955949651e-06
  3.145276856905618e-06  6.198837851122883e+00  7.953800185386004e-02
  5.947222974890608e+05  1.167111549022170e+04  1.747515900846322e+01
  2.106358939007546e-06  1.469227023800194e-06  1.216331804766257e-01
 -4.209657406288133e-09  5.517637420362368e-06  4.716248208982532e-06
 -1.142727736890348e-15 -2.665602949520545e-18 -3.660962528258518e-16
  2.671529247003980e-01  6.888454611335419e-02  7.631805017027209e-03
  5.657778057162397e-02  1.048531821115324e-01  3.847401774252759e-06
  1.338775296924694e-05  1.687468519860346e-06  3.979270943272805e+04
  6.622028267798641e+05  3.601257353898088e-04  5.341140088565614e-02
  2.507771878571863e-03  4.824147144591561e+01  2.428694466933792e+02
  4.282180790425440e+00  3.094596873834651e+02 -1.268747446226915e-02
  4.625194836827189e-09 -1.399360819725471e-03 -7.738635192436821e+00
  2.852040639297684e+00  6.034536257464510e+01  2.415084891638635e-01
  1.124414839597417e+04  5.420700480893578e+09  4.018846128523853e-01
  3.490009137538835e-01  2.705295519745297e-01  6.046936109397656e-01
  1.186563440540639e-10  2.288866938350143e-10  2.383986968852832e-14
  3.633903882793277e-02  8.333022043764416e+01  6.719168458551853e-01
  4.685293063248982e+02  2.601047206459228e-08  1.198334540145060e-08
  1.520090424016445e-10  2.915218790545036e-09  9.852974582794016e+04
  1.011639452577999e+05  3.331055405529338e-05  9.842195760107624e-03
  2.150228908648913e+01  2.119887110572397e-02  4.154110882559268e-02
  2.731881169872715e-10  2.060800780192695e-10  6.388182785606851e-03
  2.826964628328711e-04  1.060598576669539e-02  1.145686039954067e-02
  6.722095889100330e-02  3.695620912112555e-02  3.026474976987774e-02
  2.464565199108507e+01  2.854537342841550e+02  2.863421004885498e+02
  2.863421004885498e+02  2.863421004885498e+02  6.029712044168781e+00
  3.851033478931283e-01  4.553461434489289e-11  9.296010649748934e-10
  1.335133134899308e-08  7.472532544294302e-10  1.767022288512021e-12
  1.129889497885079e-08  1.919574441493339e+08  2.040890661111336e+08
  1.267786776797977e+06  2.750363909210068e-10  5.850720848772656e-10
  1.894705509429282e-11  1.555884382711109e-11  2.975994686958066e-10
  1.685881791290476e-12]
