[ 3.811558082408626e+02  3.569430347064246e+03  2.280295205364656e-06
  3.123057307824363e-06  6.205375964068996e+00  7.959782856076977e-02
  5.910795954356486e+05  1.164387918267228e+04  1.747739397707170e+01
  2.100264000842028e-06  1.450289684503946e-06  1.216287995638326e-01
 -4.209028009342115e-09  5.521489624390326e-06  4.709091714332669e-06
 -1.138883906784470e-15 -2.675249602897491e-18 -3.664546676510571e-16
  2.671930411181863e-01  6.886873563071520e-02  7.652601885213602e-03
  5.625050289417865e-02  1.048232352420797e-01  3.831123929580869e-06
  1.333144160317306e-05  1.683317349505499e-06  3.968666445518006e+04
  6.589967698744674e+05  3.600210093150245e-04  5.339203941572938e-02
  2.507705486449040e-03  4.824320254334686e+01  2.428693742249674e+02
  4.282138563854449e+00  3.094675905964892e+02 -1.255951476598333e-02
  4.639449379204159e-09 -1.401314509783230e-03 -7.717701608553377e+00
  2.852949022837685e+00  6.034371482037845e+01  2.412680955058520e-01
  1.124414640753506e+04  5.365771076919624e+09  4.017056571949447e-01
  3.482313408573732e-01  2.706450283040714e-01  6.028561037904097e-01
  1.188280464921681e-10  2.289686180495353e-10  2.380473506393073e-14
  3.633908060400702e-02  8.337305963243411e+01  6.719168040791110e-01
  4.684518373509079e+02  2.598480629792666e-08  1.203339638324778e-08
  1.456876037081098e-10  2.924696733599356e-09  9.852974951855965e+04
  1.011639474428965e+05  3.332761512621202e-05  9.841712981160081e-03
  2.151151120104294e+01  2.119964374567198e-02  4.154112310373041e-02
  2.731950199638975e-10  2.055391546196862e-10  6.396423205708133e-03
  2.775597853365369e-04  1.057792407093908e-02  1.146930919123484e-02
  6.689033038308102e-02  3.686014080656211e-02  3.003018957651891e-02
  2.464604101923949e+01  2.854559143065367e+02  2.863456931707448e+02
  2.863456931707448e+02  2.863456931707448e+02  6.029086054611414e+00
  3.852884107098113e-01  4.558838192329608e-11  9.290242667950884e-10
  1.335076157470206e-08  7.474852681298676e-10  1.767617190739359e-12
  1.130355652700982e-08  1.920560427887726e+08  2.041650096895240e+08
  1.267605383084426e+06  2.754729430122238e-10  5.859238307626701e-10
  1.894367374274178e-11  1.556204142464256e-11  2.993657958850173e-10
  1.686127675780775e-12]
