[ 3.844942886993674e+02  3.638838216676939e+03  2.367685125310011e-06
  3.159980109965047e-06  6.202191185990054e+00  8.038922934340829e-02
  5.950547200701577e+05  1.167383871107423e+04  1.746474352601255e+01
  2.108954723426701e-06  1.472068667438397e-06  1.215685238680120e-01
 -4.206717470782104e-09  5.505754568735778e-06  4.713257451070002e-06
 -1.138403205025179e-15 -2.671558661767032e-18 -3.686654043125958e-16
  2.668112859557099e-01  6.882901978423943e-02  7.689728465618156e-03
  5.664258577301484e-02  1.046114327223788e-01  3.836755410909508e-06
  1.336266706769908e-05  1.689499128939117e-06  3.981112592450590e+04
  6.596729122131370e+05  3.577506259311652e-04  5.284192895364320e-02
  2.507655744120216e-03  4.824008811345702e+01  2.428694415864165e+02
  4.282162093303571e+00  3.094536683411364e+02 -1.285276227881243e-02
  4.640204593749524e-09 -1.401446542230836e-03 -7.784866231594177e+00
  2.855112698575636e+00  6.034811939967599e+01  2.414162538472570e-01
  1.124414835330467e+04  5.393973236508016e+09  4.013478920611406e-01
  3.480455921017126e-01  2.707558392536851e-01  6.036022109271488e-01
  1.187154706096437e-10  2.287935331094194e-10  2.378533873683377e-14
  3.633937393898372e-02  8.337613828345665e+01  6.719165107441344e-01
  4.681527021301006e+02  2.607489771222185e-08  1.205525229573291e-08
  1.487003256122105e-10  2.929087572947939e-09  9.852974547019153e+04
  1.011639252151629e+05  3.332865892228471e-05  9.841802271708383e-03
  2.150466771043089e+01  2.120008820007991e-02  4.154102905271828e-02
  2.732406741206515e-10  2.054396425450133e-10  6.343419133932899e-03
  2.544549710279355e-04  1.048747300205423e-02  1.145739056216488e-02
  6.738808680830086e-02  3.704351810414869e-02  3.034456870415217e-02
  2.464543289565123e+01  2.854559924682611e+02  2.863466364182569e+02
  2.863466364182569e+02  2.863466364182569e+02  6.030127673205838e+00
  3.850562310675679e-01  4.549676252845106e-11  9.280875412280216e-10
  1.333958773433351e-08  7.473973467940524e-10  1.766765321203421e-12
  1.129407956805480e-08  1.918229143459568e+08  2.041751736957403e+08
  1.267041652660464e+06  2.749040659430693e-10  5.846681702309669e-10
  1.894582428639865e-11  1.554035817933276e-11  2.986512921297535e-10
  1.683552873917460e-12]
