[ 3.864790269108426e+02  3.668337437249154e+03  2.308712330208908e-06
  3.121686490575064e-06  6.202271526364185e+00  7.955271772083475e-02
  5.934815814045364e+05  1.165675087053849e+04  1.747375146867497e+01
  2.100808209596122e-06  1.458347604305661e-06  1.215404483913920e-01
 -4.207556303693701e-09  5.515619486813213e-06  4.702193989113303e-06
 -1.135289398666066e-15 -2.672734891991709e-18 -3.676731504016636e-16
  2.665626421278413e-01  6.889982027784705e-02  7.646214230083654e-03
  5.640010612079886e-02  1.047280211049058e-01  3.838575117338778e-06
  1.336500555962356e-05  1.687000573603418e-06  3.971427693477573e+04
  6.596352509445985e+05  3.579659836736178e-04  5.294244143187226e-02
  2.507770990095607e-03  4.824205178366211e+01  2.428693706636983e+02
  4.282319223515682e+00  3.094644656313519e+02 -1.282101122160031e-02
  4.644854441722265e-09 -1.401629595827174e-03 -7.777520371278802e+00
  2.845703913020942e+00  6.035240312699310e+01  2.413051763258860e-01
  1.124414491919250e+04  5.393459274870346e+09  4.013131162754157e-01
  3.475488905176227e-01  2.708147384789797e-01  6.029206282583557e-01
  1.186907179108256e-10  2.289067636311703e-10  2.378676306505581e-14
  3.633937791134691e-02  8.332037938973116e+01  6.719165067717712e-01
  4.680656320934409e+02  2.600302779141789e-08  1.202431600644371e-08
  1.535610144758773e-10  2.932489702500778e-09  9.852975167732791e+04
  1.011639808454536e+05  3.330674876483582e-05  9.841802423823723e-03
  2.148541473881468e+01  2.119930667005274e-02  4.154097589399216e-02
  2.732317133200922e-10  2.057451283756773e-10  6.366076599356969e-03
  2.441977091309258e-04  1.048864939246699e-02  1.146827465355180e-02
  6.696368760821290e-02  3.684121912344483e-02  3.012246848476808e-02
  2.464624907852854e+01  2.854544658158151e+02  2.863431692410988e+02
  2.863431692410988e+02  2.863431692410988e+02  6.029981805238736e+00
  3.849767596852255e-01  4.552659673924555e-11  9.268458375599237e-10
  1.332801500982657e-08  7.470623786002202e-10  1.768754190965902e-12
  1.129466110344304e-08  1.920801741722361e+08  2.039278811129982e+08
  1.266691237812198e+06  2.749336195462505e-10  5.852072085715096e-10
  1.894199452599952e-11  1.555524149482588e-11  2.986487955119655e-10
  1.682892085794232e-12]
