[ 3.916408986965773e+02  3.691438361812960e+03  2.337676595924973e-06
  3.138097610342265e-06  6.210150461776773e+00  8.061254529747484e-02
  5.994163965270879e+05  1.167379886674817e+04  1.747928324074621e+01
  2.100701337130520e-06  1.480571427124176e-06  1.216085337848605e-01
 -4.191206305266410e-09  5.490618780052805e-06  4.696190615567960e-06
 -1.136409613316203e-15 -2.665990560700606e-18 -3.662376803675645e-16
  2.670783972690932e-01  6.892210699706855e-02  7.728798996446163e-03
  5.637192774212230e-02  1.047215403259045e-01  3.823600320026226e-06
  1.331485684707271e-05  1.681594415177952e-06  3.983837136151463e+04
  6.618654395290203e+05  3.612938236050471e-04  5.387149501052714e-02
  2.507764705421561e-03  4.824289093967548e+01  2.428693045235821e+02
  4.282058613306130e+00  3.094593789001038e+02 -1.284959878823011e-02
  4.644024779842195e-09 -1.401741820763979e-03 -7.778208576750063e+00
  2.849888743030056e+00  6.034595447720435e+01  2.413763841568830e-01
  1.124414299717327e+04  5.410952512149200e+09  4.016516666075984e-01
  3.491184564708305e-01  2.707481967830794e-01  6.035868139238724e-01
  1.188466112877208e-10  2.288229635335059e-10  2.377878556174211e-14
  3.633959585713847e-02  8.336531942229567e+01  6.719162888259795e-01
  4.684195952591347e+02  2.590439685552935e-08  1.200686134619899e-08
  1.472719503983056e-10  2.932551117735407e-09  9.852975108571483e+04
  1.011639514859320e+05  3.332471570847779e-05  9.840936245550026e-03
  2.149432955157590e+01  2.119837071570249e-02  4.154113351404552e-02
  2.733128819736835e-10  2.056207849613526e-10  6.374244156629086e-03
  2.770273086038940e-04  1.061206114309440e-02  1.143254356860062e-02
  6.713578565644773e-02  3.680800595406547e-02  3.032777970238226e-02
  2.464629208412093e+01  2.854531010867044e+02  2.863414148120423e+02
  2.863414148120423e+02  2.863414148120423e+02  6.029752918436340e+00
  3.852515885749389e-01  4.555644405939962e-11  9.260376385209517e-10
  1.330829004938523e-08  7.476212794288482e-10  1.770183131492075e-12
  1.130674365434712e-08  1.921919351194258e+08  2.043521432614533e+08
  1.267024259035683e+06  2.752565934773967e-10  5.854539956612843e-10
  1.895671777169171e-11  1.555631578705378e-11  2.989041805643958e-10
  1.683742684419934e-12]
