[ 3.798769428816955e+02  3.663247709247626e+03  2.341333647974944e-06
  3.131188462624352e-06  6.210397626150574e+00  7.949445158460929e-02
  5.925507236001919e+05  1.168657708853067e+04  1.747049490437444e+01
  2.101011295001071e-06  1.461406608665598e-06  1.215094308050556e-01
 -4.174770602775464e-09  5.466714675990239e-06  4.700506024760193e-06
 -1.137966904396591e-15 -2.670501722754291e-18 -3.657126417845528e-16
  2.669178987136958e-01  6.892586921512511e-02  7.609032589157082e-03
  5.655035565130832e-02  1.047320829281209e-01  3.817457710717920e-06
  1.329868059520062e-05  1.681900435336817e-06  3.988493095879067e+04
  6.577220688183558e+05  3.590829555854270e-04  5.316324209019876e-02
  2.507686110141305e-03  4.824023807751563e+01  2.428695673708355e+02
  4.282271031802705e+00  3.094598819081223e+02 -1.284733155086251e-02
  4.636568788912539e-09 -1.402250115250109e-03 -7.783429730947904e+00
  2.854177711477235e+00  6.034957692868634e+01  2.413126237746462e-01
  1.124415312755537e+04  5.381471675405118e+09  4.015362825295205e-01
  3.476425166552229e-01  2.707735348572403e-01  6.035103694836821e-01
  1.189526251615638e-10  2.287614830410658e-10  2.384322229165690e-14
  3.633948026631557e-02  8.329969804848128e+01  6.719164044168024e-01
  4.679468769333917e+02  2.597112089106963e-08  1.210793715629342e-08
  1.524570954641800e-10  2.939038649299692e-09  9.852974357109649e+04
  1.011639457237686e+05  3.329831966150339e-05  9.841722335232827e-03
  2.145977827474986e+01  2.119814681298095e-02  4.154112882057416e-02
  2.734117358570310e-10  2.059278953815000e-10  6.366728894937495e-03
  2.629755485686969e-04  1.060200307350585e-02  1.146419408762233e-02
  6.689041890661609e-02  3.683027059902418e-02  3.006014830759191e-02
  2.464551045510420e+01  2.854541626680800e+02  2.863421633311906e+02
  2.863421633311906e+02  2.863421633311906e+02  6.029370504934757e+00
  3.850742491356638e-01  4.555562549355405e-11  9.281246511481017e-10
  1.334326498327275e-08  7.480638359707784e-10  1.774612344424141e-12
  1.131423818625665e-08  1.922218684786926e+08  2.039216049362105e+08
  1.268192026529507e+06  2.750809924920961e-10  5.848143919550730e-10
  1.895761123838166e-11  1.554901122818830e-11  2.966362055856239e-10
  1.687928831586099e-12]
