[ 3.901317206573589e+02  3.557957039304351e+03  2.298672214634009e-06
  3.096867417630885e-06  6.212428207275303e+00  8.004303629622560e-02
  6.004590475307314e+05  1.166087843078488e+04  1.747441030921580e+01
  2.098482608158987e-06  1.472430149675432e-06  1.216455807662888e-01
 -4.202393390546826e-09  5.504299700903135e-06  4.707085830792282e-06
 -1.145492738369709e-15 -2.665012963456880e-18 -3.682422386542885e-16
  2.669677119917774e-01  6.895736416496186e-02  7.674397683272130e-03
  5.631485676504004e-02  1.047172260047978e-01  3.832330881004372e-06
  1.334156015823462e-05  1.683286525604437e-06  3.976915158234804e+04
  6.660761698156572e+05  3.575452919613824e-04  5.274934313152816e-02
  2.507706617029407e-03  4.824003391014178e+01  2.428694000560062e+02
  4.282137842819221e+00  3.094620481996513e+02 -1.276105513853632e-02
  4.643672481740997e-09 -1.400959247193423e-03 -7.760588087475497e+00
  2.851474721739038e+00  6.034685871418631e+01  2.413085650207061e-01
  1.124414671009956e+04  5.440274003138978e+09  4.015467281787445e-01
  3.487717618404967e-01  2.703273046756098e-01  6.038752902082392e-01
  1.187488338129700e-10  2.287706282400355e-10  2.382180704649139e-14
  3.633961390962397e-02  8.340260256452348e+01  6.719162707734940e-01
  4.689963343189955e+02  2.608056167288658e-08  1.203963157072924e-08
  1.521761307501469e-10  2.941142850891023e-09  9.852974971205457e+04
  1.011639563979757e+05  3.333944653133049e-05  9.841131184675278e-03
  2.152476816698323e+01  2.119839107652654e-02  4.154111712976086e-02
  2.732774795164333e-10  2.053530591552472e-10  6.378217760487467e-03
  2.756461284173525e-04  1.048852832028821e-02  1.139770525844016e-02
  6.716793726839572e-02  3.685851833286129e-02  3.030941893553444e-02
  2.464587136818824e+01  2.854548376610832e+02  2.863438341654241e+02
  2.863438341654241e+02  2.863438341654241e+02  6.030327544215131e+00
  3.856532674388956e-01  4.552128248489892e-11  9.291331944822167e-10
  1.335746415311623e-08  7.472291113965313e-10  1.769297714283704e-12
  1.129832791134560e-08  1.920065324573572e+08  2.039806037552574e+08
  1.267343286955152e+06  2.750206516732642e-10  5.851350841922873e-10
  1.895000925148193e-11  1.554773679414756e-11  2.982216739961618e-10
  1.682986620726370e-12]
