[ 3.967071774663844e+02  3.554518152540428e+03  2.320347740387336e-06
  3.133208822656791e-06  6.210706363993334e+00  7.988011970839715e-02
  5.946134666710434e+05  1.167519275822783e+04  1.747138345797588e+01
  2.107852333108452e-06  1.462562384520773e-06  1.216697331941730e-01
 -4.208020386869118e-09  5.515164916981757e-06  4.709594756369772e-06
 -1.138486514709994e-15 -2.670967646599958e-18 -3.668879426548404e-16
  2.667545751226380e-01  6.893176333167604e-02  7.655554517289350e-03
  5.661377254076549e-02  1.048053795018345e-01  3.837578476893725e-06
  1.328054932430874e-05  1.686879631419601e-06  3.981335412961130e+04
  6.644944964990788e+05  3.577239612259934e-04  5.273473142016463e-02
  2.507620124207918e-03  4.823877521173684e+01  2.428694993782490e+02
  4.282222771633142e+00  3.094732910363925e+02 -1.259683878818871e-02
  4.647952442458755e-09 -1.400645777328065e-03 -7.722827091251395e+00
  2.852280041866635e+00  6.034558772684948e+01  2.414364472782548e-01
  1.124415384706192e+04  5.445925359914266e+09  4.019694668733126e-01
  3.488525380878230e-01  2.707285475104600e-01  6.045149983834295e-01
  1.189317104448702e-10  2.289601889415541e-10  2.384706218903426e-14
  3.633948076736641e-02  8.340064697439379e+01  6.719164039157516e-01
  4.682006497330798e+02  2.606314942884597e-08  1.202272756870327e-08
  1.469232259825334e-10  2.929533801068108e-09  9.852974050054746e+04
  1.011639341629715e+05  3.333850933518077e-05  9.841976314832119e-03
  2.153210267002933e+01  2.119833807039263e-02  4.154112454671595e-02
  2.732161533867737e-10  2.056781814566932e-10  6.407957585874917e-03
  2.625398213615640e-04  1.049283772051856e-02  1.145437388875168e-02
  6.719191993184333e-02  3.702121907155505e-02  3.017070086028827e-02
  2.464489492774510e+01  2.854587781775732e+02  2.863505784128453e+02
  2.863505784128453e+02  2.863505784128453e+02  6.031706823344391e+00
  3.862179928637435e-01  4.551648272456373e-11  9.291673799796587e-10
  1.334845493644430e-08  7.475767338977926e-10  1.771076242170993e-12
  1.130578876276636e-08  1.919536871661882e+08  2.040428325459138e+08
  1.267783840872066e+06  2.751349559134240e-10  5.848178651409198e-10
  1.893738952188751e-11  1.554913322882517e-11  2.985058623585752e-10
  1.682914881191371e-12]
