[ 3.793665185402702e+02  3.683281058513251e+03  2.330309020865760e-06
  3.133241737484587e-06  6.188685794691476e+00  7.945304233666127e-02
  5.900318584794438e+05  1.169530780945976e+04  1.747363571327381e+01
  2.101777746063541e-06  1.456482872341316e-06  1.215535135511270e-01
 -4.193894257975426e-09  5.488103948477081e-06  4.694523233843178e-06
 -1.141676584576888e-15 -2.679456415622537e-18 -3.661897716092792e-16
  2.673688052988333e-01  6.880585416186910e-02  7.629448399904626e-03
  5.633607053236033e-02  1.048833624486303e-01  3.836920325690939e-06
  1.331204104710217e-05  1.686762804710361e-06  3.984455250348138e+04
  6.551722233306558e+05  3.572189747308091e-04  5.255618070317139e-02
  2.507731054272399e-03  4.824109436665957e+01  2.428694023999789e+02
  4.282074314153403e+00  3.094581693967651e+02 -1.270111831595709e-02
  4.653882567832017e-09 -1.400456442825680e-03 -7.745636359322087e+00
  2.854620945515129e+00  6.034384521341278e+01  2.415600746514631e-01
  1.124414824143099e+04  5.351034806174578e+09  4.012788206992257e-01
  3.477062479219981e-01  2.704559633673390e-01  6.026563520401682e-01
  1.189184121807556e-10  2.289554995043016e-10  2.378337922457024e-14
  3.634007883503734e-02  8.334180981887133e+01  6.719158058480806e-01
  4.679799280842200e+02  2.606971173294014e-08  1.201542680303336e-08
  1.528445619246172e-10  2.913901466095437e-09  9.852974708416310e+04
  1.011639230600825e+05  3.331512666017536e-05  9.841916029706381e-03
  2.157622101881582e+01  2.119948268868309e-02  4.154109997091502e-02
  2.730854663223899e-10  2.052837245271865e-10  6.398214335064777e-03
  2.571342816634022e-04  1.051943560247787e-02  1.148991900659559e-02
  6.699562374398516e-02  3.686238904119171e-02  3.013323470279345e-02
  2.464571452613880e+01  2.854564894673451e+02  2.863482282077657e+02
  2.863482282077657e+02  2.863482282077657e+02  6.028222077698778e+00
  3.853812316591048e-01  4.556217043611776e-11  9.296421059558937e-10
  1.335375363678315e-08  7.473221245466532e-10  1.770304496780456e-12
  1.129989850081923e-08  1.921196142005137e+08  2.039972241165756e+08
  1.267830315586816e+06  2.753712386371110e-10  5.851115984501547e-10
  1.893721651610935e-11  1.555585026616100e-11  2.983105565715597e-10
  1.681785220816600e-12]
