[ 3.948697610533005e+02  3.597682124562702e+03  2.316198678147781e-06
  3.119286429406107e-06  6.219853614656900e+00  7.933331962319924e-02
  5.887822679277179e+05  1.165367526897867e+04  1.746985337836096e+01
  2.105068354005846e-06  1.461910989423226e-06  1.216715758537152e-01
 -4.186423546097017e-09  5.483908919550904e-06  4.703799629311638e-06
 -1.138629921142329e-15 -2.673821159133048e-18 -3.688272513927617e-16
  2.671870588476830e-01  6.902689389932090e-02  7.599830837150703e-03
  5.661140415977715e-02  1.049669513144402e-01  3.847707632226675e-06
  1.326134002296535e-05  1.693536899899591e-06  3.972418932946807e+04
  6.555310629668843e+05  3.575067105415195e-04  5.266554526443153e-02
  2.507717362092165e-03  4.824134559265769e+01  2.428693565277687e+02
  4.282173873239427e+00  3.094668066444992e+02 -1.280027508906800e-02
  4.643806552335931e-09 -1.402471342865777e-03 -7.776540759644065e+00
  2.855224921753365e+00  6.034595970050261e+01  2.413150778084143e-01
  1.124414700625970e+04  5.347071817793170e+09  4.015029643018595e-01
  3.483181554818496e-01  2.709853690834023e-01  6.036726058989651e-01
  1.187930844348701e-10  2.288294431376949e-10  2.378052654570797e-14
  3.633957158435132e-02  8.334742652217628e+01  6.719163130987668e-01
  4.686759106043203e+02  2.596922098924961e-08  1.198846997853087e-08
  1.528037200967032e-10  2.914526105984369e-09  9.852974747568411e+04
  1.011639883247260e+05  3.331739382303060e-05  9.842140297637072e-03
  2.148353652174705e+01  2.120089547691374e-02  4.154102095350801e-02
  2.732592894989371e-10  2.054147010924118e-10  6.390222848924402e-03
  2.513750664819615e-04  1.059978618980891e-02  1.147066700838644e-02
  6.697451567389426e-02  3.695989404465573e-02  3.001462162923852e-02
  2.464590888923868e+01  2.854553457113493e+02  2.863448567672994e+02
  2.863448567672994e+02  2.863448567672994e+02  6.028481469572860e+00
  3.850751179890284e-01  4.554922161345395e-11  9.290714075189898e-10
  1.335090964694628e-08  7.474031692105748e-10  1.769290534131016e-12
  1.130558041682801e-08  1.919952904819918e+08  2.041426827980250e+08
  1.267486306838074e+06  2.751770420670049e-10  5.851490907890137e-10
  1.894546782972726e-11  1.555033275011605e-11  2.986762764580519e-10
  1.681228233568515e-12]
