[ 3.761560483312825e+02  3.563053492972618e+03  2.309275866178506e-06
  3.100311389556599e-06  6.202511642053493e+00  7.991280691570336e-02
  5.967862916520967e+05  1.163872318878774e+04  1.747329037516498e+01
  2.103675053953572e-06  1.469805369055564e-06  1.215874580296536e-01
 -4.191313965245973e-09  5.498762089918539e-06  4.707274567334711e-06
 -1.136093702173314e-15 -2.672144855115535e-18 -3.689938559346259e-16
  2.672065038414521e-01  6.887643146758290e-02  7.671766426013544e-03
  5.647236406093612e-02  1.048205699017588e-01  3.826437571719926e-06
  1.329975446515351e-05  1.683346410788375e-06  3.966085569536835e+04
  6.631619291159812e+05  3.588693075663682e-04  5.316284042864954e-02
  2.507707969824681e-03  4.824069131062709e+01  2.428694768204256e+02
  4.282269751498649e+00  3.094678183820337e+02 -1.264711059984274e-02
  4.644672640997920e-09 -1.400045012703917e-03 -7.734789048567492e+00
  2.850553109377743e+00  6.034525381247594e+01  2.413999338768615e-01
  1.124414890499122e+04  5.418553410227417e+09  4.014492803622691e-01
  3.483265767950753e-01  2.702283360490120e-01  6.038194322991708e-01
  1.188319934767964e-10  2.289793843900550e-10  2.378731279333679e-14
  3.633961840249756e-02  8.338379108506233e+01  6.719162662806205e-01
  4.689563740174585e+02  2.592584205126240e-08  1.195963136490958e-08
  1.490835734684151e-10  2.913303925598746e-09  9.852974733542631e+04
  1.011639633813011e+05  3.333195422419914e-05  9.841176736607997e-03
  2.148387673219742e+01  2.119903104464842e-02  4.154100207416815e-02
  2.731825185748080e-10  2.057867966253553e-10  6.365425828506212e-03
  2.739594885038467e-04  1.051238406747376e-02  1.143012469002532e-02
  6.713712515921913e-02  3.691875271103540e-02  3.021837244818374e-02
  2.464599593497419e+01  2.854565831475354e+02  2.863461633461641e+02
  2.863461633461641e+02  2.863461633461641e+02  6.029018724035569e+00
  3.850329708010387e-01  4.555607650824286e-11  9.282213721445217e-10
  1.333421545245502e-08  7.474702542047100e-10  1.769250098688407e-12
  1.130290202789419e-08  1.921971015891669e+08  2.044745800240119e+08
  1.267287281887282e+06  2.753053785206315e-10  5.850333622995434e-10
  1.894456845683009e-11  1.555234856803638e-11  2.977705360030820e-10
  1.686372098777193e-12]
