[ 3.907877406677614e+02  3.643777051800334e+03  2.310573402135439e-06
  3.112384119888179e-06  6.199504667697733e+00  7.987599095623207e-02
  5.930757679150291e+05  1.169284596029450e+04  1.746999337993935e+01
  2.093470628708068e-06  1.465521007850749e-06  1.217312381160646e-01
 -4.198043539059222e-09  5.492473308816302e-06  4.703876745430312e-06
 -1.137562001409266e-15 -2.670520322814718e-18 -3.677926080822631e-16
  2.675319086624543e-01  6.892538954835908e-02  7.670252746548857e-03
  5.658852006631090e-02  1.048007859350196e-01  3.829655289807255e-06
  1.327654909140675e-05  1.679743879750712e-06  3.992023800836885e+04
  6.600295872508726e+05  3.579002421584948e-04  5.290935604513750e-02
  2.507715126775561e-03  4.824191528966190e+01  2.428693440059350e+02
  4.282156884898829e+00  3.094650500539901e+02 -1.284648328510773e-02
  4.647229057044394e-09 -1.401617167472715e-03 -7.785605679451290e+00
  2.847837232335909e+00  6.034798417017792e+01  2.414286020026203e-01
  1.124414714333278e+04  5.402080189719811e+09  4.018214318934923e-01
  3.489016895053002e-01  2.709501454266531e-01  6.044637780793063e-01
  1.187979478745915e-10  2.288794360005183e-10  2.378602377522533e-14
  3.633928016843877e-02  8.339121766103523e+01  6.719166045146794e-01
  4.685737448985265e+02  2.605544312987700e-08  1.207613867642297e-08
  1.485214049569328e-10  2.918879897984586e-09  9.852974839372489e+04
  1.011639215858177e+05  3.333482828659186e-05  9.841456129112015e-03
  2.154634257764551e+01  2.119807862615789e-02  4.154102265534457e-02
  2.732496838211506e-10  2.058826143203383e-10  6.360677825137074e-03
  2.748553587088853e-04  1.051156245949064e-02  1.148048415661724e-02
  6.692797412625658e-02  3.677069502915181e-02  3.015727909710476e-02
  2.464583072744849e+01  2.854552635724303e+02  2.863450719307233e+02
  2.863450719307233e+02  2.863450719307233e+02  6.029483208198656e+00
  3.858197602728280e-01  4.551921528664655e-11  9.273734787991793e-10
  1.331977163765321e-08  7.474096433145941e-10  1.770845189541385e-12
  1.130362559806642e-08  1.919805718231336e+08  2.040604679596451e+08
  1.266729873484279e+06  2.749852044125940e-10  5.848954283426075e-10
  1.893770618764131e-11  1.554489859250265e-11  2.968970336439209e-10
  1.680890626672299e-12]
