[ 3.900040610981180e+02  3.481223692536355e+03  2.296580113541816e-06
  3.105794160035516e-06  6.212525038294063e+00  8.041728491929533e-02
  5.937994025039527e+05  1.172583830674551e+04  1.747347034154145e+01
  2.100210656705946e-06  1.473879232325608e-06  1.216795489837133e-01
 -4.199171587935631e-09  5.508417585072808e-06  4.709628699704829e-06
 -1.137955237211047e-15 -2.668954360813736e-18 -3.682820972581682e-16
  2.672573710547317e-01  6.897154093844916e-02  7.691084736972129e-03
  5.668396092593062e-02  1.048937565111516e-01  3.824630939240221e-06
  1.334330469144973e-05  1.682669371426918e-06  4.001954472309202e+04
  6.604539599512987e+05  3.574034808379233e-04  5.273616558943072e-02
  2.507774526105069e-03  4.824241185660469e+01  2.428694270874459e+02
  4.282204861937550e+00  3.094683740312803e+02 -1.262498240961099e-02
  4.638924987667516e-09 -1.401429291115714e-03 -7.730152707412109e+00
  2.850461970211820e+00  6.034773941735676e+01  2.414318488828161e-01
  1.124415022389949e+04  5.400722976018681e+09  4.017559725297517e-01
  3.486077937157293e-01  2.707946520628303e-01  6.038765925245193e-01
  1.188291992654959e-10  2.289471085014916e-10  2.377040788956642e-14
  3.633942782109815e-02  8.333944419000152e+01  6.719164568620200e-01
  4.685457936904987e+02  2.599690534585775e-08  1.199256835215836e-08
  1.511024162603022e-10  2.931754989484048e-09  9.852975076557568e+04
  1.011639447871593e+05  3.331434323260775e-05  9.842176459047456e-03
  2.152983544423907e+01  2.119912957621584e-02  4.154087216622375e-02
  2.734165254346617e-10  2.058139334070594e-10  6.381789010068472e-03
  2.728450502587580e-04  1.053185399657451e-02  1.143899959855272e-02
  6.709685715406391e-02  3.686943488574068e-02  3.022742226832324e-02
  2.464620497051426e+01  2.854543130195991e+02  2.863444400530166e+02
  2.863444400530166e+02  2.863444400530166e+02  6.029355688780389e+00
  3.854636226577212e-01  4.552850798497403e-11  9.274606272518721e-10
  1.332839976000054e-08  7.480831767971566e-10  1.770093663342168e-12
  1.131021513166713e-08  1.920938581584935e+08  2.043194423009394e+08
  1.267830641801795e+06  2.751239953851371e-10  5.843608817847836e-10
  1.894209191399347e-11  1.555173922720247e-11  2.978601818310749e-10
  1.684616908819219e-12]
