[ 3.883521401575641e+02  3.478620239916687e+03  2.281009896604619e-06
  3.114339281863710e-06  6.189203657710270e+00  7.988393130994106e-02
  5.897241116248319e+05  1.166952536386255e+04  1.746868080067729e+01
  2.099796027825801e-06  1.457737012600116e-06  1.215614446924818e-01
 -4.209889732280589e-09  5.487207123176770e-06  4.710499238889336e-06
 -1.136266274777263e-15 -2.676533608130122e-18 -3.680846593833032e-16
  2.674335177048699e-01  6.882227661639345e-02  7.645383912125100e-03
  5.629899271755313e-02  1.047062972137849e-01  3.817215145021129e-06
  1.333953315766664e-05  1.682327188322148e-06  3.981723080542017e+04
  6.559718567137638e+05  3.605485379771141e-04  5.341012352358295e-02
  2.507697492187558e-03  4.824073800327706e+01  2.428694763683838e+02
  4.282155877232044e+00  3.094605085424627e+02 -1.282048063758493e-02
  4.642242561204510e-09 -1.402357563151987e-03 -7.782010432605186e+00
  2.848517777341110e+00  6.034353807853678e+01  2.413920440236802e-01
  1.124415019377643e+04  5.354338326053588e+09  4.014760537673354e-01
  3.484560682272727e-01  2.703590338513361e-01  6.039020384401202e-01
  1.188487200395552e-10  2.289946844348361e-10  2.375977938136573e-14
  3.633966545406218e-02  8.338261089240660e+01  6.719162192290559e-01
  4.681932027484400e+02  2.603808752039979e-08  1.198615778826049e-08
  1.473653098536001e-10  2.920881972059610e-09  9.852974504525468e+04
  1.011639533096047e+05  3.333155471600163e-05  9.841797866617851e-03
  2.152973633634376e+01  2.119891895313804e-02  4.154113985792243e-02
  2.733262262442035e-10  2.055757412594639e-10  6.357321731565216e-03
  2.595725815990082e-04  1.048698439426165e-02  1.147999911381785e-02
  6.690544100620956e-02  3.682216811646363e-02  3.008327288974593e-02
  2.464568803010329e+01  2.854549110253525e+02  2.863442468984369e+02
  2.863442468984369e+02  2.863442468984369e+02  6.030497396894569e+00
  3.854950387033829e-01  4.549810217804356e-11  9.304971132545553e-10
  1.338152906900803e-08  7.474088413206644e-10  1.770252908552149e-12
  1.129971493463966e-08  1.919155756848733e+08  2.041675201722744e+08
  1.268168450236125e+06  2.748784088876561e-10  5.848901010041834e-10
  1.894829895845376e-11  1.554977467021270e-11  2.989370297569941e-10
  1.682369980268080e-12]
