[ 3.872502387797570e+02  3.480852006362438e+03  2.307227799678978e-06
  3.099999996401743e-06  6.204807054044323e+00  7.932617927449291e-02
  5.905334326004940e+05  1.168824672243942e+04  1.747224185862984e+01
  2.103410352200057e-06  1.460334883053263e-06  1.216510227273656e-01
 -4.198874064919072e-09  5.489867832427481e-06  4.723083870900180e-06
 -1.141026463774165e-15 -2.666187091134041e-18 -3.654858624067843e-16
  2.669855165403056e-01  6.895131339961372e-02  7.600127306612735e-03
  5.637401931154629e-02  1.047797716440308e-01  3.837706900948537e-06
  1.337360111873115e-05  1.684070181864804e-06  3.985155018312571e+04
  6.557247845984247e+05  3.603717766942133e-04  5.354552844223221e-02
  2.507702771862351e-03  4.824194300066680e+01  2.428694310127690e+02
  4.282197022864176e+00  3.094671022695471e+02 -1.282633286767145e-02
  4.634113196967456e-09 -1.400098948925990e-03 -7.772436758763356e+00
  2.851014611636212e+00  6.034437237852897e+01  2.414546287799682e-01
  1.124414956323753e+04  5.361857019364580e+09  4.019466467261288e-01
  3.477922931403643e-01  2.707960726956823e-01  6.033631483310462e-01
  1.186671682179190e-10  2.287366777057480e-10  2.375328279110742e-14
  3.633953490279851e-02  8.338973983622577e+01  6.719163497803196e-01
  4.686736110251778e+02  2.601193595266334e-08  1.194267056843292e-08
  1.497605964596865e-10  2.922631847380748e-09  9.852974850187899e+04
  1.011639399473398e+05  3.333432119388605e-05  9.841626883711329e-03
  2.152767815961890e+01  2.119962899090478e-02  4.154109461826948e-02
  2.732410857954874e-10  2.056186936371992e-10  6.384221279579720e-03
  3.088777389426174e-04  1.057301514874915e-02  1.143934153057420e-02
  6.709667993171839e-02  3.684088241623758e-02  3.025579751548080e-02
  2.464604019070437e+01  2.854550325502266e+02  2.863442678996617e+02
  2.863442678996617e+02  2.863442678996617e+02  6.030008169371870e+00
  3.851961158853265e-01  4.552163069544792e-11  9.298324756955788e-10
  1.335113655448972e-08  7.480125829030526e-10  1.768781301696510e-12
  1.131107022394108e-08  1.920179161095331e+08  2.042668750283328e+08
  1.268562251676821e+06  2.748901560478193e-10  5.849880055559534e-10
  1.893872107870361e-11  1.556154612742310e-11  2.980258496355065e-10
  1.683044585334235e-12]
