[ 3.865415407676940e+02  3.482719584948039e+03  2.299309306416923e-06
  3.123359637099834e-06  6.205877705707850e+00  7.966241032108637e-02
  5.929885512641682e+05  1.160747624282661e+04  1.747605343158971e+01
  2.097743085454689e-06  1.463982614527721e-06  1.215507065282245e-01
 -4.196547408257223e-09  5.501314984958615e-06  4.729711592043628e-06
 -1.141038529883128e-15 -2.669621478940664e-18 -3.685663420007159e-16
  2.671800621177177e-01  6.895310636080827e-02  7.639541968958593e-03
  5.640678406973286e-02  1.048178436957355e-01  3.839247448449956e-06
  1.331105303135228e-05  1.681284192751475e-06  3.954420203641875e+04
  6.597425616938580e+05  3.595897104563107e-04  5.332185194983242e-02
  2.507684573699392e-03  4.824110721491483e+01  2.428694302547069e+02
  4.282139371085261e+00  3.094545817462520e+02 -1.276814892497993e-02
  4.626350997759309e-09 -1.400159051491373e-03 -7.765775800565706e+00
  2.855560004769012e+00  6.034365546475536e+01  2.414507859027060e-01
  1.124414715384817e+04  5.379739251744301e+09  4.013042840852016e-01
  3.479252621106528e-01  2.705614906542434e-01  6.029143679435353e-01
  1.188872230213863e-10  2.287849320498703e-10  2.372382477152390e-14
  3.633925030285430e-02  8.339242794917513e+01  6.719166343802637e-01
  4.689268888126102e+02  2.601285383186896e-08  1.200445668222582e-08
  1.466769628719557e-10  2.936009500927403e-09  9.852974585299857e+04
  1.011639453006306e+05  3.333530781496837e-05  9.841073046692340e-03
  2.150966399621794e+01  2.119937375217599e-02  4.154109341077067e-02
  2.730766015500213e-10  2.055341005446331e-10  6.363049690397256e-03
  2.570750364185420e-04  1.046717535112466e-02  1.144559339019161e-02
  6.700161322339147e-02  3.685295364935842e-02  3.014865957403304e-02
  2.464565662277330e+01  2.854544976677124e+02  2.863438057656419e+02
  2.863438057656419e+02  2.863438057656419e+02  6.030812310487642e+00
  3.858102864988865e-01  4.555470329236790e-11  9.293658690542026e-10
  1.335445551497954e-08  7.472985403059420e-10  1.768189287767063e-12
  1.130095614727774e-08  1.920719404018891e+08  2.042013030362881e+08
  1.267553104731730e+06  2.753057549635831e-10  5.851685843222119e-10
  1.894350838678540e-11  1.555506209822164e-11  2.972431271992268e-10
  1.685832434464990e-12]
