[ 3.859869782507329e+02  3.867621600418476e+03  2.331719478863736e-06
  3.165879912956845e-06  6.199223576625831e+00  8.030395812628645e-02
  5.987861935207268e+05  1.173497473913639e+04  1.747018778808205e+01
  2.102929213358858e-06  1.473858591262203e-06  1.216502292352465e-01
 -4.210810400442274e-09  5.508354084697755e-06  4.699480785543776e-06
 -1.140317071060899e-15 -2.682818458166691e-18 -3.673227699989202e-16
  2.671450932904239e-01  6.888523002879979e-02  7.705225668048651e-03
  5.699714195810524e-02  1.047958421119365e-01  3.841520370400172e-06
  1.338948242338290e-05  1.686652365546660e-06  4.001081262134929e+04
  6.639078937715266e+05  3.581483557040695e-04  5.286314920672796e-02
  2.507724468915631e-03  4.824191735514464e+01  2.428693738299746e+02
  4.282173574421511e+00  3.094646383168061e+02 -1.269222160974582e-02
  4.652776403735799e-09 -1.401343768298380e-03 -7.745431793050201e+00
  2.854677724905262e+00  6.034798262953033e+01  2.415142304438938e-01
  1.124414809822446e+04  5.402278689758281e+09  4.017108570063414e-01
  3.487951804078689e-01  2.708299365406178e-01  6.042675590692029e-01
  1.186991995907774e-10  2.287495835367185e-10  2.374928219913178e-14
  3.633985229758775e-02  8.339168056362539e+01  6.719160323855302e-01
  4.689389297508171e+02  2.605579014202110e-08  1.194330042477178e-08
  1.457369605750176e-10  2.950997211215648e-09  9.852974749523809e+04
  1.011639336042762e+05  3.333521382595229e-05  9.841520475632358e-03
  2.155035889296376e+01  2.119945167285399e-02  4.154109421980479e-02
  2.734052345725571e-10  2.057080102619482e-10  6.358349032378119e-03
  3.005126800550236e-04  1.042665562688627e-02  1.145297131823578e-02
  6.710377468561182e-02  3.685190431134003e-02  3.025187037427178e-02
  2.464588038283347e+01  2.854568760072801e+02  2.863482433309558e+02
  2.863482433309558e+02  2.863482433309558e+02  6.029696203219815e+00
  3.855667497748174e-01  4.555070506179099e-11  9.290270271041245e-10
  1.335097123994180e-08  7.475127377322669e-10  1.768929699404311e-12
  1.130381102359560e-08  1.922598616828230e+08  2.041070332924294e+08
  1.267724646629130e+06  2.752012360524999e-10  5.847294433266511e-10
  1.895803948737882e-11  1.555321754031652e-11  2.997715585272831e-10
  1.683654815108052e-12]
