[ 3.859802179595738e+02  3.538823111753904e+03  2.320896352566116e-06
  3.113976685776784e-06  6.206709888476694e+00  7.998935306131702e-02
  5.909194060526279e+05  1.171565569488424e+04  1.747109131144110e+01
  2.102723721504959e-06  1.474485778512944e-06  1.216123867732925e-01
 -4.188698666526220e-09  5.473227107342967e-06  4.692776848593907e-06
 -1.138025007134081e-15 -2.670824353249785e-18 -3.648542921319111e-16
  2.668886755919140e-01  6.892462675388850e-02  7.643164866302229e-03
  5.615325677955716e-02  1.048663204727581e-01  3.835641045140452e-06
  1.333470927458151e-05  1.684523089583435e-06  3.991598180358027e+04
  6.590068464870168e+05  3.582262641577936e-04  5.292425796748976e-02
  2.507681834848011e-03  4.824029179821628e+01  2.428693877268152e+02
  4.282233744328845e+00  3.094740902792871e+02 -1.288002944468160e-02
  4.653871455440690e-09 -1.401743438704848e-03 -7.795767051608389e+00
  2.850133325271817e+00  6.034787599813959e+01  2.414068255730395e-01
  1.124414649429139e+04  5.389161886677120e+09  4.019522343939871e-01
  3.489061239896338e-01  2.707712758908658e-01  6.042154455628754e-01
  1.188651763581413e-10  2.289150761345705e-10  2.385202652228249e-14
  3.633978334263772e-02  8.338314639596165e+01  6.719161013404803e-01
  4.678617726877153e+02  2.592665511828988e-08  1.201873950836281e-08
  1.486645572608962e-10  2.944298918133177e-09  9.852974785885043e+04
  1.011639422806648e+05  3.333172099069905e-05  9.841301869964488e-03
  2.150092222146510e+01  2.119984382632490e-02  4.154110285071609e-02
  2.731182203291982e-10  2.055520036155708e-10  6.375780525556496e-03
  2.620775879787904e-04  1.053676393183738e-02  1.151319593481723e-02
  6.716290737189720e-02  3.685679717265470e-02  3.030611019924251e-02
  2.464602857012470e+01  2.854549092058210e+02  2.863448382902173e+02
  2.863448382902173e+02  2.863448382902173e+02  6.029593231574658e+00
  3.855927757038631e-01  4.550957395117814e-11  9.289068770346131e-10
  1.335602295451845e-08  7.477989953856240e-10  1.769619331717499e-12
  1.130591733073998e-08  1.919895506247090e+08  2.041075306582721e+08
  1.268041896168493e+06  2.748978283592045e-10  5.853850471709244e-10
  1.894345264696884e-11  1.555501551823328e-11  2.989142567836477e-10
  1.683761480695072e-12]
