[ 3.903469265680563e+02  3.605776657049430e+03  2.292178684613541e-06
  3.117028879246084e-06  6.197177783624983e+00  8.027231459969907e-02
  5.913923479303546e+05  1.163775930851616e+04  1.747209635605633e+01
  2.101249968903639e-06  1.462379991596479e-06  1.216960618112662e-01
 -4.182563254987408e-09  5.471706268975357e-06  4.721878933035112e-06
 -1.138104367064960e-15 -2.660900964230228e-18 -3.660585880836741e-16
  2.677492768416513e-01  6.884144809053590e-02  7.688718352340387e-03
  5.674372483247796e-02  1.048587076030594e-01  3.845080474685439e-06
  1.330623866689422e-05  1.685878419164041e-06  3.964732141494004e+04
  6.606205346992196e+05  3.552446270577286e-04  5.215266671751248e-02
  2.507800905008383e-03  4.824432766668829e+01  2.428693303284487e+02
  4.282118379302632e+00  3.094631776520560e+02 -1.282284191778252e-02
  4.634153773239805e-09 -1.401143459870008e-03 -7.773407303959815e+00
  2.849477222544238e+00  6.034038984522878e+01  2.413543841917266e-01
  1.124414687171219e+04  5.378118118613519e+09  4.017028526498388e-01
  3.483144984211458e-01  2.708340321058794e-01  6.041033300757506e-01
  1.188423633772681e-10  2.290038717757890e-10  2.381746681250269e-14
  3.633957588180817e-02  8.335140698073980e+01  6.719163088013098e-01
  4.690273392098113e+02  2.597861990479847e-08  1.198476180101859e-08
  1.466621662534688e-10  2.944322507891397e-09  9.852974745531159e+04
  1.011638963215061e+05  3.331889927705390e-05  9.842800705504343e-03
  2.152293682627872e+01  2.120040254665749e-02  4.154105144147567e-02
  2.731584148612454e-10  2.057153513998097e-10  6.374169976864361e-03
  2.654917014966168e-04  1.051532189186630e-02  1.144078352922564e-02
  6.707281431420772e-02  3.689172222898834e-02  3.018109208521939e-02
  2.464612846574648e+01  2.854567812804860e+02  2.863477882164709e+02
  2.863477882164709e+02  2.863477882164709e+02  6.030067360919713e+00
  3.853436451810450e-01  4.555553310672718e-11  9.274152729748127e-10
  1.332321966118479e-08  7.473270639886237e-10  1.769230251636852e-12
  1.129789591836557e-08  1.921077759548311e+08  2.042288378211827e+08
  1.266816623471958e+06  2.753011167215215e-10  5.851672697823273e-10
  1.894228769411494e-11  1.554568188492675e-11  2.987042875918097e-10
  1.686856450633134e-12]
