[ 3.927770101727054e+02  3.661353835742256e+03  2.363444317301618e-06
  3.133210417494150e-06  6.199760029340654e+00  7.978849221841459e-02
  5.930950728118737e+05  1.166760745622312e+04  1.747269406192497e+01
  2.099114774280191e-06  1.463830030788614e-06  1.215921667880245e-01
 -4.203302370459868e-09  5.492584810170512e-06  4.697308891527986e-06
 -1.132416104417220e-15 -2.670424206038182e-18 -3.677831642359127e-16
  2.672488938579077e-01  6.884691936680835e-02  7.655387220169259e-03
  5.638396004557390e-02  1.047516546357871e-01  3.823768347991617e-06
  1.336321829688390e-05  1.680073377220765e-06  3.977663245167876e+04
  6.597745299774336e+05  3.528638509421002e-04  5.149789463530250e-02
  2.507714263697706e-03  4.824258392755151e+01  2.428694252974819e+02
  4.282075425096211e+00  3.094480789522155e+02 -1.283225848214937e-02
  4.648296219457436e-09 -1.400130722042651e-03 -7.769885680089559e+00
  2.847344170588133e+00  6.034057455221698e+01  2.414146615131908e-01
  1.124414724678515e+04  5.392930981087433e+09  4.017598038032327e-01
  3.486899298085916e-01  2.708359625409901e-01  6.037138135946465e-01
  1.188299546198280e-10  2.289246281877922e-10  2.379581008278556e-14
  3.633906509344649e-02  8.333070105443515e+01  6.719168195896715e-01
  4.682905384627445e+02  2.601729390105370e-08  1.201102101655118e-08
  1.488080697180137e-10  2.932484629189411e-09  9.852974880575514e+04
  1.011639517563877e+05  3.331062853898669e-05  9.841166786524008e-03
  2.153201159429093e+01  2.119997041895680e-02  4.154107549344799e-02
  2.729456171794834e-10  2.054629678685654e-10  6.377781518835104e-03
  2.759962763638254e-04  1.047286021782332e-02  1.146449963520443e-02
  6.709146732801842e-02  3.679839362421299e-02  3.029307370380543e-02
  2.464588908455427e+01  2.854565278403037e+02  2.863476614003695e+02
  2.863476614003695e+02  2.863476614003695e+02  6.029390492933037e+00
  3.849070420895570e-01  4.548624393435493e-11  9.277933922241145e-10
  1.332512171274703e-08  7.472421706866151e-10  1.766659250331167e-12
  1.129577931978807e-08  1.919189073146182e+08  2.041496820879893e+08
  1.266985154478969e+06  2.748150479220235e-10  5.854276536797957e-10
  1.894996163974589e-11  1.555283035855443e-11  2.980221003198833e-10
  1.679976940210808e-12]
