[ 3.791686022520220e+02  3.452215612924017e+03  2.316314938363164e-06
  3.123637182458433e-06  6.201383134432798e+00  7.900642539663062e-02
  5.865378296313282e+05  1.165446514525054e+04  1.747071109734591e+01
  2.107260039408347e-06  1.451067126730335e-06  1.216035858757114e-01
 -4.207623183216546e-09  5.511897492235413e-06  4.700452014145654e-06
 -1.143675140783618e-15 -2.663011131543221e-18 -3.676304426228854e-16
  2.674573569094623e-01  6.889787722909518e-02  7.577580770098502e-03
  5.671077511707075e-02  1.047554522339273e-01  3.840378807456027e-06
  1.331694808164007e-05  1.685562126162281e-06  3.974273538003426e+04
  6.512135969150445e+05  3.584864147851251e-04  5.303103425868527e-02
  2.507706508846595e-03  4.824169788225158e+01  2.428693647104079e+02
  4.282101606436364e+00  3.094641453634633e+02 -1.276499951489036e-02
  4.657130213523449e-09 -1.400512874328037e-03 -7.759836186386717e+00
  2.847517251680607e+00  6.034789516914510e+01  2.413389240371831e-01
  1.124414785086281e+04  5.310077178874503e+09  4.012125654461525e-01
  3.480778492584139e-01  2.706983070121407e-01  6.032966451070789e-01
  1.188002189943438e-10  2.288335854524029e-10  2.375463567502757e-14
  3.633935518734283e-02  8.338803313504010e+01  6.719165294957752e-01
  4.679494726813617e+02  2.609277784014213e-08  1.201317566909630e-08
  1.477335034006949e-10  2.946031299705757e-09  9.852975108293304e+04
  1.011640025260448e+05  3.333371329424683e-05  9.841422336995578e-03
  2.155511716030121e+01  2.119892615851210e-02  4.154112152328786e-02
  2.732121262152688e-10  2.055620765336480e-10  6.390878852316720e-03
  2.535915449822314e-04  1.051908780726651e-02  1.146084482488958e-02
  6.696757604283796e-02  3.685649008340763e-02  3.011108595943033e-02
  2.464599188499308e+01  2.854552356018745e+02  2.863455009413572e+02
  2.863455009413572e+02  2.863455009413572e+02  6.030584468536941e+00
  3.856319497167671e-01  4.555763180762120e-11  9.280133019588729e-10
  1.333499723628994e-08  7.473791408202147e-10  1.769391033464276e-12
  1.130069713959039e-08  1.921249526657270e+08  2.040405951551399e+08
  1.267241081920192e+06  2.752822109341441e-10  5.851833226413987e-10
  1.894719153192338e-11  1.555694478697438e-11  2.963259229064465e-10
  1.683121203624850e-12]
