[ 3.906338070009268e+02  3.601248186200871e+03  2.402852694205176e-06
  3.166021069460469e-06  6.214755420746349e+00  7.977554207473518e-02
  5.920817356535294e+05  1.166848823197193e+04  1.747030449186608e+01
  2.109440089580059e-06  1.459479118875284e-06  1.216729216160865e-01
 -4.190593856137672e-09  5.490133336471448e-06  4.720695139184172e-06
 -1.146685174101925e-15 -2.672441328038613e-18 -3.666166328093617e-16
  2.674261080050449e-01  6.896874502243035e-02  7.652495426799004e-03
  5.656885859970592e-02  1.050325531350177e-01  3.849213190334285e-06
  1.330645508790668e-05  1.690343755335773e-06  3.977475666948004e+04
  6.608204828028046e+05  3.618703061844160e-04  5.392967100211455e-02
  2.507688468563138e-03  4.824137826213772e+01  2.428694271284987e+02
  4.282222056169759e+00  3.094610234246105e+02 -1.265021263633240e-02
  4.637150456574808e-09 -1.400091749411841e-03 -7.727669784343056e+00
  2.852249028893532e+00  6.034714378143412e+01  2.416959225468958e-01
  1.124414936649402e+04  5.386704605161463e+09  4.020940999567595e-01
  3.488523916861654e-01  2.708051512917778e-01  6.042453505146745e-01
  1.188980368817799e-10  2.287546807176781e-10  2.375074117540458e-14
  3.633966865133469e-02  8.341214024205651e+01  6.719162160317833e-01
  4.690378379586259e+02  2.606436287296496e-08  1.205764732264170e-08
  1.500222278479732e-10  2.947364560032709e-09  9.852974856184985e+04
  1.011639419603339e+05  3.334330287304030e-05  9.841137960179578e-03
  2.153521026857424e+01  2.119901997174414e-02  4.154108183865043e-02
  2.731947896533347e-10  2.055467386417508e-10  6.391258263684724e-03
  2.657638280245399e-04  1.044867624125301e-02  1.146465444984431e-02
  6.710763794803559e-02  3.697711926889902e-02  3.013051867913658e-02
  2.464569879052149e+01  2.854561634040717e+02  2.863474917579559e+02
  2.863474917579559e+02  2.863474917579559e+02  6.030533717576149e+00
  3.852871963673071e-01  4.549435143147263e-11  9.300151840422728e-10
  1.336562237645730e-08  7.473969698704059e-10  1.767531653300171e-12
  1.130267291965921e-08  1.918752876946126e+08  2.043271184593969e+08
  1.268039608585227e+06  2.747481862081000e-10  5.849698989585570e-10
  1.894927673604977e-11  1.555499422325376e-11  2.987254803803751e-10
  1.688017836347178e-12]
