[ 4.056144912265071e+02  3.586448406252292e+03  2.296698967577008e-06
  3.132663070463711e-06  6.197743051279550e+00  8.016218403949323e-02
  5.919315960273261e+05  1.171859677923823e+04  1.747339980740914e+01
  2.110282228322433e-06  1.472126132705530e-06  1.216830170721526e-01
 -4.224888925240606e-09  5.542449139693694e-06  4.738058853355870e-06
 -1.144446440161107e-15 -2.673907785419127e-18 -3.678871953744810e-16
  2.673637108689012e-01  6.891222715841194e-02  7.668206177550854e-03
  5.667026272667598e-02  1.045672960597443e-01  3.859396326228592e-06
  1.336133814878137e-05  1.696919471559419e-06  3.991760572219393e+04
  6.593525293812945e+05  3.593315019130889e-04  5.320160050694928e-02
  2.507731214864610e-03  4.824208992355123e+01  2.428694321647221e+02
  4.282201963293278e+00  3.094630477379442e+02 -1.280546404517338e-02
  4.623785266266473e-09 -1.400854550112925e-03 -7.776020422489984e+00
  2.849624046232365e+00  6.034707508826709e+01  2.414646804594245e-01
  1.124414793798470e+04  5.389841825005936e+09  4.021774214615870e-01
  3.490152991148229e-01  2.705351064487750e-01  6.045470856247784e-01
  1.187111339585867e-10  2.289033351704237e-10  2.386272177934372e-14
  3.633926609392338e-02  8.336960247572486e+01  6.719166185891946e-01
  4.685436722274845e+02  2.608213575079621e-08  1.201750605901520e-08
  1.480961257221526e-10  2.928381198848293e-09  9.852974903470706e+04
  1.011639745466668e+05  3.332635987638487e-05  9.842245487826825e-03
  2.152681189197078e+01  2.119859809409824e-02  4.154108179528106e-02
  2.734191172886525e-10  2.052146588045134e-10  6.366363068229715e-03
  2.620435774577559e-04  1.055502384704428e-02  1.144569797856663e-02
  6.738068191859756e-02  3.710026713546853e-02  3.028041478312902e-02
  2.464571206009609e+01  2.854567546383162e+02  2.863467531134684e+02
  2.863467531134684e+02  2.863467531134684e+02  6.030060175198105e+00
  3.852353253943457e-01  4.554844977684148e-11  9.303772954737274e-10
  1.336514668695185e-08  7.476096322200427e-10  1.770729476764356e-12
  1.130751881924520e-08  1.920896927552693e+08  2.042046962289410e+08
  1.268311326663827e+06  2.752106131822910e-10  5.849082764479884e-10
  1.894792234442779e-11  1.555651068951856e-11  2.994710708427132e-10
  1.686096589664230e-12]
