[ 3.868925769241388e+02  3.461450189573000e+03  2.310709048351928e-06
  3.138969730403687e-06  6.216545257600751e+00  8.004252877272694e-02
  5.947558535713847e+05  1.169671726382935e+04  1.747172656690385e+01
  2.103083292423068e-06  1.468968940922121e-06  1.217028679743941e-01
 -4.210703882861975e-09  5.515599215078968e-06  4.715310899921310e-06
 -1.138015625923436e-15 -2.669208273533627e-18 -3.686801211469386e-16
  2.671467659929717e-01  6.899929989288940e-02  7.664429833607226e-03
  5.613081625153830e-02  1.045643033742352e-01  3.834954658157525e-06
  1.333528245370179e-05  1.686774113209298e-06  3.987507101813444e+04
  6.604837302064785e+05  3.579818829415832e-04  5.280199236427728e-02
  2.507684958746940e-03  4.823943572962915e+01  2.428695044664366e+02
  4.282156729666541e+00  3.094616796782981e+02 -1.267279551053168e-02
  4.637411704574564e-09 -1.400183913632831e-03 -7.740662854120862e+00
  2.852610455233464e+00  6.034910682873577e+01  2.413781776128728e-01
  1.124414652892170e+04  5.414747492236087e+09  4.014410918717687e-01
  3.486977207267683e-01  2.709812118617057e-01  6.038071002060259e-01
  1.188868574125412e-10  2.289171519558454e-10  2.382295578242989e-14
  3.633903417871295e-02  8.337351597368573e+01  6.719168505044051e-01
  4.685791800932846e+02  2.597809419116199e-08  1.206407771857935e-08
  1.485186995028734e-10  2.940302300322517e-09  9.852974704869480e+04
  1.011639605470170e+05  3.332782867378378e-05  9.842114759241596e-03
  2.153856316437134e+01  2.119844371880807e-02  4.154107309094773e-02
  2.732642894666081e-10  2.056085345903258e-10  6.360679119686082e-03
  2.704121040541869e-04  1.048964660960289e-02  1.137196227767815e-02
  6.710721929641877e-02  3.687881279085314e-02  3.022840650556564e-02
  2.464572462939592e+01  2.854555058295536e+02  2.863457815743376e+02
  2.863457815743376e+02  2.863457815743376e+02  6.029754942787362e+00
  3.857325677151983e-01  4.557934954129268e-11  9.266749072705334e-10
  1.331257724394688e-08  7.471545270520736e-10  1.767175533116161e-12
  1.129483235856504e-08  1.921411971090980e+08  2.039288854615097e+08
  1.266479150511455e+06  2.755312996256250e-10  5.847747087629014e-10
  1.894501545910515e-11  1.555431108511160e-11  3.002157018846550e-10
  1.683748022498813e-12]
