[ 3.764375995467529e+02  3.568351166220174e+03  2.318735639602017e-06
  3.110763179007001e-06  6.212255919603562e+00  7.985868644117788e-02
  5.922232073715521e+05  1.164612167062092e+04  1.747492262493421e+01
  2.106533305100532e-06  1.466753114440892e-06  1.217100748945426e-01
 -4.208228361044592e-09  5.528134961697425e-06  4.703991121363026e-06
 -1.142918436698360e-15 -2.666481515308188e-18 -3.677521008786004e-16
  2.674239333284454e-01  6.902502861317772e-02  7.644302549790401e-03
  5.644050858980232e-02  1.048245197254031e-01  3.862299144949107e-06
  1.331754008570434e-05  1.691042412927047e-06  3.968706035152369e+04
  6.616956716186815e+05  3.579599864513678e-04  5.282865266555212e-02
  2.507712620551825e-03  4.824244561677893e+01  2.428694647672074e+02
  4.282118603403217e+00  3.094616074496397e+02 -1.269984590390547e-02
  4.644466945508603e-09 -1.401361557281931e-03 -7.747863584910836e+00
  2.852493557111837e+00  6.034780985317973e+01  2.414073213523060e-01
  1.124415071798229e+04  5.401335743994089e+09  4.021201694462254e-01
  3.491117558317727e-01  2.707334532805172e-01  6.044185494086984e-01
  1.188588726394180e-10  2.288764881849157e-10  2.376142281997981e-14
  3.633933045768195e-02  8.340745245077235e+01  6.719165542254361e-01
  4.683502566728768e+02  2.606766029591009e-08  1.197950203962614e-08
  1.462026730318050e-10  2.922328575176684e-09  9.852974931788449e+04
  1.011639186361168e+05  3.334132352094194e-05  9.841936951100711e-03
  2.152889002382327e+01  2.119984727709385e-02  4.154092190613583e-02
  2.730915034398933e-10  2.060906159769895e-10  6.360109301733649e-03
  2.778127937904065e-04  1.049877176410392e-02  1.145666711163486e-02
  6.728021125555113e-02  3.708764827591587e-02  3.019256297963526e-02
  2.464576308112857e+01  2.854573339418241e+02  2.863478458013831e+02
  2.863478458013831e+02  2.863478458013831e+02  6.030206071396996e+00
  3.855678353078857e-01  4.551975951209840e-11  9.308130643086864e-10
  1.337512825017117e-08  7.466718176736271e-10  1.767307403589389e-12
  1.128839356356455e-08  1.920143172910491e+08  2.039229783614745e+08
  1.267382189084723e+06  2.751199169536684e-10  5.850377013686886e-10
  1.895461307821285e-11  1.554934761682386e-11  2.980572116187074e-10
  1.680536527989014e-12]
