[ 3.956401019725502e+02  3.413973190490998e+03  2.327475574986666e-06
  3.125852739560861e-06  6.217707441811503e+00  7.972728395976011e-02
  5.888446035167393e+05  1.164711301214997e+04  1.747086335381119e+01
  2.104502933307609e-06  1.466893061991515e-06  1.216360254962311e-01
 -4.186460964511317e-09  5.482980440679311e-06  4.702216921419046e-06
 -1.139538563464535e-15 -2.666447539411139e-18 -3.660713821036257e-16
  2.674376087604288e-01  6.901188925355591e-02  7.641101437654142e-03
  5.653037846395733e-02  1.046107380709126e-01  3.852550039487066e-06
  1.333948006341586e-05  1.688387204101702e-06  3.971197841735320e+04
  6.553358272911031e+05  3.573415448736870e-04  5.271224993201106e-02
  2.507722464609099e-03  4.824036302317991e+01  2.428693674852340e+02
  4.282017301591915e+00  3.094628621511490e+02 -1.250072024146593e-02
  4.639104566953196e-09 -1.401464948474190e-03 -7.699727888360645e+00
  2.853103550787005e+00  6.034673231765400e+01  2.413590087240397e-01
  1.124414948959497e+04  5.356299105140857e+09  4.017892764367103e-01
  3.480738364997041e-01  2.706374407506292e-01  6.036664061150407e-01
  1.188755943678441e-10  2.289948588770951e-10  2.386092777944243e-14
  3.633934508791187e-02  8.334209517101209e+01  6.719165395952061e-01
  4.685634458632613e+02  2.595498213546865e-08  1.200890630717183e-08
  1.525822458116857e-10  2.920071279746659e-09  9.852974243259910e+04
  1.011639683290624e+05  3.331535474914306e-05  9.842229443841126e-03
  2.147930804612126e+01  2.119915748942739e-02  4.154091989065822e-02
  2.732424041361540e-10  2.050350471025440e-10  6.355288002025304e-03
  2.710466420390728e-04  1.055728211579000e-02  1.144774377341629e-02
  6.714115317853850e-02  3.699012345901436e-02  3.015102971952413e-02
  2.464538845280751e+01  2.854544186706385e+02  2.863431309496748e+02
  2.863431309496748e+02  2.863431309496748e+02  6.029152896095793e+00
  3.849218333061422e-01  4.553737486147066e-11  9.281918780145933e-10
  1.333191951479634e-08  7.474903290610510e-10  1.767603986032182e-12
  1.130610466337656e-08  1.921176682193593e+08  2.038796479436159e+08
  1.267626870408065e+06  2.752121863738718e-10  5.849165052943008e-10
  1.894130963393062e-11  1.555714620170957e-11  2.995892345567189e-10
  1.681574823153880e-12]
