[ 3.744393678338830e+02  3.490274239242188e+03  2.304174147888686e-06
  3.115051188966727e-06  6.205602186980330e+00  7.999312444886371e-02
  5.932448022847405e+05  1.165304629218284e+04  1.747693227155982e+01
  2.106584571238826e-06  1.468902375196273e-06  1.216171711634535e-01
 -4.190724734628934e-09  5.488595039699585e-06  4.722771974483210e-06
 -1.133904481889191e-15 -2.669931115881494e-18 -3.648471835695327e-16
  2.674798555019857e-01  6.895145944219810e-02  7.670214544218516e-03
  5.664909553518407e-02  1.047791426358307e-01  3.833896457522679e-06
  1.334607284140351e-05  1.683650886493398e-06  3.971060008808028e+04
  6.607414249843607e+05  3.552718781927052e-04  5.211799786331976e-02
  2.507784140176910e-03  4.824224157229967e+01  2.428694120359427e+02
  4.282183008762716e+00  3.094674059202133e+02 -1.287142402058861e-02
  4.631016326559888e-09 -1.401777449003402e-03 -7.787879282008000e+00
  2.852884811915785e+00  6.034727581675504e+01  2.413978551944704e-01
  1.124414898445674e+04  5.390866228952393e+09  4.014161174114752e-01
  3.484867530047231e-01  2.704912444328639e-01  6.037459691400913e-01
  1.188881889238941e-10  2.289194742884475e-10  2.381972842191402e-14
  3.633905060649447e-02  8.330889243160578e+01  6.719168340766235e-01
  4.678495248063542e+02  2.588685259916146e-08  1.195702436344272e-08
  1.478647231066200e-10  2.937233182879020e-09  9.852974578224016e+04
  1.011639660058169e+05  3.330204349744425e-05  9.842359855984403e-03
  2.151164991599617e+01  2.120051395419262e-02  4.154110990335318e-02
  2.731766602021042e-10  2.055718634748091e-10  6.359584087035665e-03
  2.575943169151344e-04  1.050914507500144e-02  1.141018211520811e-02
  6.698485024440612e-02  3.691033234187452e-02  3.007451790253160e-02
  2.464601950050890e+01  2.854542655659479e+02  2.863435094532347e+02
  2.863435094532347e+02  2.863435094532347e+02  6.030971290807818e+00
  3.856484182804950e-01  4.551474344273313e-11  9.269489212646889e-10
  1.331833189086198e-08  7.477819027512903e-10  1.768842214981724e-12
  1.130429245846807e-08  1.920052596952363e+08  2.041898745528825e+08
  1.267137935906542e+06  2.749186391405374e-10  5.849205900854207e-10
  1.894914225480260e-11  1.555950805464553e-11  2.983875294083130e-10
  1.684566291954079e-12]
