[ 3.866813158368324e+02  3.587056622516043e+03  2.339895644867718e-06
  3.123887930666675e-06  6.200991666129126e+00  7.950949126258004e-02
  5.885655396294233e+05  1.168139359901837e+04  1.746840352068432e+01
  2.099568360724481e-06  1.462124427225881e-06  1.216537210000399e-01
 -4.198571565882495e-09  5.488250568847339e-06  4.692381803882332e-06
 -1.134152877441357e-15 -2.676346362678444e-18 -3.704399057585368e-16
  2.673357770831659e-01  6.885437412401103e-02  7.599976859949433e-03
  5.671038898688886e-02  1.050005201477238e-01  3.846109006897595e-06
  1.333356571986729e-05  1.684129644364987e-06  3.985782714511712e+04
  6.582940907749092e+05  3.580592832582817e-04  5.278223274220809e-02
  2.507671807677654e-03  4.823993896198686e+01  2.428694561665170e+02
  4.282070749869524e+00  3.094579307417230e+02 -1.274364299164099e-02
  4.646453480494049e-09 -1.402583784292404e-03 -7.766789448255093e+00
  2.853428305411593e+00  6.034955665803189e+01  2.414535120564195e-01
  1.124415137779584e+04  5.379429932845769e+09  4.018185768787828e-01
  3.478127188026109e-01  2.710764961908176e-01  6.037922118926171e-01
  1.187772379335706e-10  2.288059192713518e-10  2.380369728804200e-14
  3.633924111495807e-02  8.340082989076340e+01  6.719166435681599e-01
  4.683782259038756e+02  2.600651275901093e-08  1.206975254574143e-08
  1.505590493884156e-10  2.935159676031240e-09  9.852974316049817e+04
  1.011639262746535e+05  3.333876681611188e-05  9.841507115265361e-03
  2.153496242442713e+01  2.119974404794145e-02  4.154116188253861e-02
  2.730994389189608e-10  2.056122829159102e-10  6.372929396877535e-03
  2.796232520458854e-04  1.052422170899647e-02  1.149935133735996e-02
  6.700862412422601e-02  3.690235169636646e-02  3.010627242785954e-02
  2.464544435503756e+01  2.854565962226433e+02  2.863468503398574e+02
  2.863468503398574e+02  2.863468503398574e+02  6.029974135931544e+00
  3.849308843395228e-01  4.548960672009402e-11  9.278178624646452e-10
  1.333613197146205e-08  7.475981669338051e-10  1.770051235671735e-12
  1.131216241743916e-08  1.918759589510219e+08  2.039932021665254e+08
  1.267888211839103e+06  2.748940103641679e-10  5.845825818768765e-10
  1.893470129979211e-11  1.556027760104702e-11  2.982165032516074e-10
  1.681258738448081e-12]
