[ 4.005659954637915e+02  3.479002875080145e+03  2.335254285235091e-06
  3.113886738384792e-06  6.209403012360501e+00  7.992689725013216e-02
  5.953477958760257e+05  1.165525626730633e+04  1.747199101331512e+01
  2.111561980594014e-06  1.472632597571744e-06  1.216627140971286e-01
 -4.183147914856742e-09  5.471473976068564e-06  4.713653262489664e-06
 -1.136915759290864e-15 -2.663676090643332e-18 -3.661150040564983e-16
  2.675171107151260e-01  6.893649628067949e-02  7.648216231846681e-03
  5.679152518956749e-02  1.047488852945202e-01  3.848086799006030e-06
  1.324692909161587e-05  1.689529583475690e-06  3.968720068808525e+04
  6.595560791474126e+05  3.574708172531194e-04  5.271816792869222e-02
  2.507780517549615e-03  4.824343467354652e+01  2.428692609005289e+02
  4.282138157567393e+00  3.094595257345576e+02 -1.290165332998825e-02
  4.642235020933759e-09 -1.402555271686945e-03 -7.796968016154515e+00
  2.850720602099649e+00  6.035088857302439e+01  2.414216002953515e-01
  1.124414672225496e+04  5.370672649972834e+09  4.018357896715398e-01
  3.486198015569357e-01  2.708018315332613e-01  6.041217002584769e-01
  1.189399277926340e-10  2.289548502744531e-10  2.376687583332307e-14
  3.633930863161975e-02  8.335430719711557e+01  6.719165760514982e-01
  4.683766768516697e+02  2.592222447187939e-08  1.213447149139392e-08
  1.480412138649712e-10  2.928832405913737e-09  9.852974945066372e+04
  1.011639429254167e+05  3.332018181631532e-05  9.842125942176025e-03
  2.151179684726115e+01  2.119858562687724e-02  4.154114069683638e-02
  2.735054725032861e-10  2.056405737479605e-10  6.357622396468880e-03
  2.694395139245520e-04  1.051122290588643e-02  1.145303636531576e-02
  6.711277242387886e-02  3.699570078623188e-02  3.011707163764698e-02
  2.464607206859346e+01  2.854531570295588e+02  2.863432304430902e+02
  2.863432304430902e+02  2.863432304430902e+02  6.031275078724011e+00
  3.853467746652474e-01  4.551696513134866e-11  9.286361360410342e-10
  1.334628987578780e-08  7.477480111859255e-10  1.769660897792959e-12
  1.130591488305851e-08  1.920414208579324e+08  2.043378183403711e+08
  1.267897303829597e+06  2.750134585561821e-10  5.843504266387886e-10
  1.893711755823610e-11  1.555902664075895e-11  2.996204557675402e-10
  1.686530025569129e-12]
