[ 3.939270659914267e+02  3.503386781240078e+03  2.275198475914746e-06
  3.084945933996657e-06  6.217404061953187e+00  7.965474454309532e-02
  5.932433663227389e+05  1.167885482871627e+04  1.747094568330547e+01
  2.096815697955960e-06  1.469791633342249e-06  1.217050981407765e-01
 -4.197371360037514e-09  5.510616951656484e-06  4.709394698336010e-06
 -1.140208796389394e-15 -2.676930784280329e-18 -3.666487685618745e-16
  2.673709921506612e-01  6.894163369969691e-02  7.644325996502286e-03
  5.667147407930492e-02  1.046569976997433e-01  3.827413044637405e-06
  1.330502889285374e-05  1.675985282007426e-06  3.987374083212874e+04
  6.627826134885895e+05  3.558815355800482e-04  5.221513771069883e-02
  2.507778517834520e-03  4.824277174980686e+01  2.428692989717888e+02
  4.282150471256084e+00  3.094621492451251e+02 -1.267208113271826e-02
  4.651209837183772e-09 -1.400150216683667e-03 -7.737519139846521e+00
  2.851446354553454e+00  6.035140789972551e+01  2.413784852104323e-01
  1.124414802975656e+04  5.406849975268310e+09  4.015592562607274e-01
  3.486449462971415e-01  2.709594357319896e-01  6.039202701119690e-01
  1.187808487179003e-10  2.290010450980695e-10  2.381718752346397e-14
  3.633896385359558e-02  8.338920822269715e+01  6.719169208295225e-01
  4.689673718290271e+02  2.604580426570811e-08  1.203984269346721e-08
  1.507007332058858e-10  2.924919755027759e-09  9.852975235288130e+04
  1.011639325299547e+05  3.333425198052271e-05  9.841778491477150e-03
  2.155830557698626e+01  2.120046958134104e-02  4.154113741988799e-02
  2.733039934246812e-10  2.061539842777375e-10  6.377814054808581e-03
  2.701989712674354e-04  1.052158078015789e-02  1.155017772108367e-02
  6.703098609775664e-02  3.677843170528904e-02  3.025255439246760e-02
  2.464607205238741e+01  2.854562983254872e+02  2.863477014490188e+02
  2.863477014490188e+02  2.863477014490188e+02  6.030553551924823e+00
  3.854942440520348e-01  4.547784593920182e-11  9.267820072850023e-10
  1.331876093888801e-08  7.472812085241841e-10  1.768661807477096e-12
  1.130236378210488e-08  1.917417937953036e+08  2.043168510400302e+08
  1.266757648841112e+06  2.746752647061740e-10  5.844728659084274e-10
  1.893666685977034e-11  1.555356451675499e-11  2.962101698113632e-10
  1.682404142698591e-12]
