[ 3.831516595124823e+02  3.511975674439670e+03  2.310731194574934e-06
  3.112525923561906e-06  6.198823714052802e+00  7.932639674740737e-02
  5.914643831894263e+05  1.164726459443835e+04  1.747015306020743e+01
  2.107677314630250e-06  1.452237644727329e-06  1.215990884170247e-01
 -4.223713612265539e-09  5.521233425318808e-06  4.704454125610569e-06
 -1.141338477621733e-15 -2.672620956768690e-18 -3.670327663057820e-16
  2.673540179072175e-01  6.887735802664147e-02  7.604566306108299e-03
  5.666888329944997e-02  1.046737818088401e-01  3.853838360778891e-06
  1.337845972383636e-05  1.690154977545513e-06  3.965106656688340e+04
  6.568775992810150e+05  3.601391291408612e-04  5.339625509903954e-02
  2.507684154528903e-03  4.823920791571940e+01  2.428694763561761e+02
  4.281992740568686e+00  3.094566733696752e+02 -1.281885096825022e-02
  4.636183398142169e-09 -1.402254477889703e-03 -7.781160943852476e+00
  2.856079354108049e+00  6.034875302474578e+01  2.413968600466180e-01
  1.124414955658981e+04  5.354347137384718e+09  4.013413602734149e-01
  3.481606922922414e-01  2.705689965556304e-01  6.032403127690609e-01
  1.188336081098154e-10  2.288769779676480e-10  2.375698018413988e-14
  3.633950037658841e-02  8.333515362578001e+01  6.719163843065297e-01
  4.682475358460736e+02  2.616849997246727e-08  1.198012533681773e-08
  1.471836040693887e-10  2.942444563134673e-09  9.852974610931017e+04
  1.011639681112157e+05  3.331244956739295e-05  9.842083221621023e-03
  2.147355110750545e+01  2.119921323324256e-02  4.154120560072886e-02
  2.731655745879395e-10  2.053825528168287e-10  6.346744024785357e-03
  2.819793914176212e-04  1.047671913619784e-02  1.152018825786606e-02
  6.721859510204745e-02  3.703411884233215e-02  3.018447625971529e-02
  2.464555599984345e+01  2.854561840670511e+02  2.863458400603924e+02
  2.863458400603924e+02  2.863458400603924e+02  6.030006542740646e+00
  3.850027665395198e-01  4.551265785531148e-11  9.277692506686156e-10
  1.333046805173879e-08  7.474730093835014e-10  1.768947821259294e-12
  1.129932649493674e-08  1.919948590536129e+08  2.044071980551977e+08
  1.266867216238615e+06  2.749424288644670e-10  5.849762933240137e-10
  1.895394446473079e-11  1.554729987311041e-11  2.976078514268484e-10
  1.684781208185440e-12]
