[ 3.916372673742659e+02  3.462906764261441e+03  2.352729856642034e-06
  3.117194760989677e-06  6.214277622348251e+00  7.990248889272832e-02
  5.973473653691706e+05  1.160620499130391e+04  1.747681723331083e+01
  2.090504765345195e-06  1.471764906751461e-06  1.216454785080624e-01
 -4.177860445679989e-09  5.466450523307479e-06  4.691241846104778e-06
 -1.139772324429043e-15 -2.678411257777919e-18 -3.661953976236747e-16
  2.673884150878825e-01  6.893226688489569e-02  7.680051674122155e-03
  5.611513915880328e-02  1.046638953815465e-01  3.812335136969869e-06
  1.328841600325953e-05  1.670717862932318e-06  3.958633996166568e+04
  6.676422839607878e+05  3.570575771217440e-04  5.268524646058962e-02
  2.507831875273897e-03  4.824427468949917e+01  2.428693220192909e+02
  4.282187236309420e+00  3.094620072376310e+02 -1.283754430862601e-02
  4.651615708460066e-09 -1.402258189467211e-03 -7.785795757946122e+00
  2.854488220276660e+00  6.034412756834537e+01  2.413148739745057e-01
  1.124414301078115e+04  5.447255792661098e+09  4.022229831704690e-01
  3.485049396665928e-01  2.708163023551045e-01  6.044460652717878e-01
  1.190702443667168e-10  2.290138991728274e-10  2.378748409688189e-14
  3.633964912381151e-02  8.331342337461106e+01  6.719162355593066e-01
  4.682726307941857e+02  2.594544652375151e-08  1.205822617785398e-08
  1.477679924050551e-10  2.929814542700892e-09  9.852975288339850e+04
  1.011639726186218e+05  3.330386163241066e-05  9.842769861950207e-03
  2.150011323623005e+01  2.119994863129186e-02  4.154123173717189e-02
  2.733544181535977e-10  2.054512471074990e-10  6.361915779189920e-03
  2.605049924519025e-04  1.055584425998447e-02  1.152594793821246e-02
  6.683074345915602e-02  3.667998820308643e-02  3.015075525606960e-02
  2.464651444141198e+01  2.854536081756895e+02  2.863429887439673e+02
  2.863429887439673e+02  2.863429887439673e+02  6.029217782732685e+00
  3.857701684113350e-01  4.554288829273370e-11  9.306695516124233e-10
  1.337461753502981e-08  7.479168283069211e-10  1.771252381896616e-12
  1.130901826431145e-08  1.920570445528989e+08  2.041748461019525e+08
  1.268990645852609e+06  2.751858675994544e-10  5.848109357428401e-10
  1.894253670180903e-11  1.555765986705040e-11  2.983105908642627e-10
  1.685299818576992e-12]
