[ 3.917759577933195e+02  3.647701013724329e+03  2.314334244835244e-06
  3.113849686941700e-06  6.216286721297553e+00  8.009821886594658e-02
  5.943030573134882e+05  1.163136036759769e+04  1.747477184766491e+01
  2.105240165516408e-06  1.465926203074882e-06  1.215834370902015e-01
 -4.192399644975376e-09  5.483547172437215e-06  4.707384832562731e-06
 -1.143462716426479e-15 -2.665874895245149e-18 -3.706117923121010e-16
  2.671379262484151e-01  6.896373174662609e-02  7.662626068934109e-03
  5.646754131749179e-02  1.049370365072681e-01  3.849217559324972e-06
  1.331599717741194e-05  1.689630578684518e-06  3.963745248890467e+04
  6.616731799901162e+05  3.562605688071360e-04  5.242320280125461e-02
  2.507754544726240e-03  4.824199663965602e+01  2.428693646896885e+02
  4.282116260426487e+00  3.094560503842114e+02 -1.263333424264580e-02
  4.646251009957449e-09 -1.401158296308991e-03 -7.731468546411983e+00
  2.852230503126949e+00  6.034557730430604e+01  2.414218013108275e-01
  1.124414780004578e+04  5.391547950372734e+09  4.014281814903237e-01
  3.482012200193922e-01  2.704826575525439e-01  6.035192330216744e-01
  1.188673022056204e-10  2.288677614638943e-10  2.382474485857891e-14
  3.633947764133345e-02  8.339714599103235e+01  6.719164070417846e-01
  4.686731403553139e+02  2.611191282081952e-08  1.196054443044517e-08
  1.505479802244054e-10  2.928225368024754e-09  9.852974661971971e+04
  1.011639399614129e+05  3.333737057073190e-05  9.842293900029851e-03
  2.153625155418275e+01  2.119852324468233e-02  4.154101110719953e-02
  2.731125783150246e-10  2.059709514256053e-10  6.384143136076504e-03
  2.711899764308132e-04  1.051968840278773e-02  1.145221330724756e-02
  6.728433664322772e-02  3.702098551021983e-02  3.026335113300790e-02
  2.464571757695404e+01  2.854568540833508e+02  2.863468527891425e+02
  2.863468527891425e+02  2.863468527891425e+02  6.029925717984817e+00
  3.857318779227424e-01  4.561077416012262e-11  9.294953868421195e-10
  1.337755273261373e-08  7.475409135444271e-10  1.768738356536946e-12
  1.130617533968673e-08  1.923316308448740e+08  2.041386127999218e+08
  1.268143743857536e+06  2.756039092271670e-10  5.861750949994490e-10
  1.894704940977743e-11  1.556280540993941e-11  2.999166843866100e-10
  1.684255501882713e-12]
