[ 3.901054651535967e+02  3.482293752676502e+03  2.297073868763224e-06
  3.124168914104533e-06  6.195146518638909e+00  8.006656452437874e-02
  5.954601507546526e+05  1.170839260804049e+04  1.747811361628778e+01
  2.109391913222475e-06  1.468848339357815e-06  1.216125266363031e-01
 -4.201507185669348e-09  5.505100614499442e-06  4.732597465503122e-06
 -1.136133198647293e-15 -2.671455906367843e-18 -3.676880218553239e-16
  2.672861649547703e-01  6.880693164610281e-02  7.673644218042372e-03
  5.645122888855674e-02  1.048729872844763e-01  3.829451791375329e-06
  1.336326321760124e-05  1.687984379755424e-06  3.991732074697546e+04
  6.603419273747484e+05  3.575714550611216e-04  5.284621344784850e-02
  2.507787704979447e-03  4.824197080002063e+01  2.428693129107868e+02
  4.282043888437449e+00  3.094610113700297e+02 -1.263740241807238e-02
  4.626977994274500e-09 -1.399767056064259e-03 -7.726200987609199e+00
  2.851551681079512e+00  6.034804390803807e+01  2.414713803817790e-01
  1.124414907884096e+04  5.400186323706826e+09  4.016926906800656e-01
  3.483948514893426e-01  2.702658242763170e-01  6.042605338067295e-01
  1.188630225832246e-10  2.289440482161348e-10  2.375754433546563e-14
  3.633965108979593e-02  8.339163415983957e+01  6.719162335933222e-01
  4.685900628355993e+02  2.599495390947090e-08  1.202466502028048e-08
  1.494486731665667e-10  2.947516033419180e-09  9.852974936041699e+04
  1.011640012915805e+05  3.333509119246817e-05  9.841633119598127e-03
  2.152857611897950e+01  2.119828771614272e-02  4.154119463357824e-02
  2.731773848662916e-10  2.053289990975971e-10  6.367424525097850e-03
  2.844521862857810e-04  1.052928743764764e-02  1.143164174862577e-02
  6.716127224952456e-02  3.695740816192616e-02  3.020386408759839e-02
  2.464601082621642e+01  2.854542439653385e+02  2.863440966798147e+02
  2.863440966798147e+02  2.863440966798147e+02  6.029991279385428e+00
  3.854421827773050e-01  4.558175340487998e-11  9.324373323137849e-10
  1.341196803928508e-08  7.476030062079167e-10  1.769580675698443e-12
  1.130637462360188e-08  1.921979416281207e+08  2.041862986313831e+08
  1.269126943062319e+06  2.755867185869728e-10  5.853294175259862e-10
  1.894102582317514e-11  1.555994956844414e-11  2.980134988805264e-10
  1.685465234429203e-12]
