[ 3.905391198724632e+02  3.768636922216906e+03  2.344215611952031e-06
  3.122555504711042e-06  6.222172884638245e+00  7.935078651929726e-02
  5.911584296853660e+05  1.168685136186765e+04  1.747060814780542e+01
  2.106643086033841e-06  1.464789097702446e-06  1.216303310587926e-01
 -4.186082047643935e-09  5.477757684218730e-06  4.706863712659041e-06
 -1.135534868633025e-15 -2.669647724723289e-18 -3.686186654692361e-16
  2.672870557674771e-01  6.903189823859494e-02  7.605425548383696e-03
  5.642122167069431e-02  1.050210515103699e-01  3.850327764687495e-06
  1.330564039475915e-05  1.688421833397612e-06  3.988805636400953e+04
  6.598685957870643e+05  3.579735758111846e-04  5.280974480819591e-02
  2.507669342157923e-03  4.823953831568942e+01  2.428694845393862e+02
  4.282165535289157e+00  3.094622042363087e+02 -1.263196011357757e-02
  4.641590745126013e-09 -1.401102631726436e-03 -7.726727812339012e+00
  2.855883241154151e+00  6.034473654514370e+01  2.415687126075290e-01
  1.124415045714500e+04  5.379396801654763e+09  4.016450585014492e-01
  3.486101063712623e-01  2.706892715038287e-01  6.037573249622489e-01
  1.189317680957370e-10  2.287888330091310e-10  2.379588523636829e-14
  3.633948156815164e-02  8.335344260438376e+01  6.719164031149664e-01
  4.693066463936227e+02  2.595266610862233e-08  1.209208859945925e-08
  1.502128572502624e-10  2.925893109944012e-09  9.852974231497722e+04
  1.011639594272410e+05  3.331981849276698e-05  9.842446465865696e-03
  2.152169177736264e+01  2.120071938795934e-02  4.154112599552870e-02
  2.732482239512704e-10  2.058505551250318e-10  6.376574018273682e-03
  2.743116923145557e-04  1.057116350477977e-02  1.145022829772868e-02
  6.713187847259906e-02  3.697137115376629e-02  3.016050731883278e-02
  2.464529956360027e+01  2.854554639953996e+02  2.863455299271476e+02
  2.863455299271476e+02  2.863455299271476e+02  6.029765527840504e+00
  3.851994291108496e-01  4.546222258091491e-11  9.278585745895549e-10
  1.333199637813086e-08  7.475857224536121e-10  1.770740132606282e-12
  1.130241368753174e-08  1.917905269701188e+08  2.037919556360875e+08
  1.267287014621759e+06  2.744950908729031e-10  5.846753906745060e-10
  1.894628337884179e-11  1.554909171880753e-11  2.968949897149724e-10
  1.685389564675885e-12]
