[ 3.906258097847632e+02  3.440627762879430e+03  2.282478900471556e-06
  3.107906415039350e-06  6.221746376985334e+00  7.933068901329308e-02
  5.914401690411735e+05  1.164859160498802e+04  1.747487082194513e+01
  2.104021618580852e-06  1.471784492680049e-06  1.215968124875136e-01
 -4.198239490151481e-09  5.497949369114821e-06  4.745311584940315e-06
 -1.137748164167142e-15 -2.670425308420979e-18 -3.672645962590694e-16
  2.675083801446500e-01  6.900610839736834e-02  7.595558676283106e-03
  5.643696431522605e-02  1.048806171120890e-01  3.839019402550963e-06
  1.334955107913238e-05  1.683780255973270e-06  3.976378774067999e+04
  6.585657849576978e+05  3.573248077013161e-04  5.261189350728150e-02
  2.507686460598294e-03  4.824013186484140e+01  2.428695043258080e+02
  4.282175231215237e+00  3.094607487081157e+02 -1.275651138603143e-02
  4.622396850191038e-09 -1.400464187234283e-03 -7.760108801714620e+00
  2.851275829768133e+00  6.034855570285618e+01  2.415326359839439e-01
  1.124415125379296e+04  5.405462292143757e+09  4.015116477443138e-01
  3.483344208051571e-01  2.706239292200410e-01  6.036890427180266e-01
  1.188825676281399e-10  2.288748179216865e-10  2.386633195848917e-14
  3.633955610624011e-02  8.339842556328259e+01  6.719163285768779e-01
  4.680886113494050e+02  2.592007422170164e-08  1.211531034018341e-08
  1.485701917121211e-10  2.932476802199416e-09  9.852974436600982e+04
  1.011639569106672e+05  3.333785455561098e-05  9.842173425423964e-03
  2.154350120341610e+01  2.119999155888053e-02  4.154101769057104e-02
  2.731434981792444e-10  2.058439069845896e-10  6.388335703212849e-03
  2.797710659540051e-04  1.058826154776045e-02  1.144477743862702e-02
  6.715960507462788e-02  3.692646568000342e-02  3.023313939462447e-02
  2.464543646000880e+01  2.854545663591205e+02  2.863455044394085e+02
  2.863455044394085e+02  2.863455044394085e+02  6.029311661737539e+00
  3.858315370828856e-01  4.549862082459547e-11  9.265040045392390e-10
  1.331075932644200e-08  7.478102990782511e-10  1.769723769359779e-12
  1.130829706122868e-08  1.919570329951253e+08  2.041517987752249e+08
  1.267301726024085e+06  2.748808265060941e-10  5.846579917837942e-10
  1.894126449237244e-11  1.555408434651035e-11  2.999908521088337e-10
  1.680265060351949e-12]
