[ 3.874631580957936e+02  3.698074388578221e+03  2.317792918356018e-06
  3.128809285671098e-06  6.207186903525658e+00  7.989441714275661e-02
  5.986816234600109e+05  1.169716918476276e+04  1.747470139275755e+01
  2.104712987326259e-06  1.474706831963764e-06  1.216696204526906e-01
 -4.185901231899027e-09  5.475105874670753e-06  4.705400703303791e-06
 -1.132555146730545e-15 -2.666176293217825e-18 -3.664861109279688e-16
  2.673907395746720e-01  6.891786091469962e-02  7.657587943380991e-03
  5.627074323393549e-02  1.048488957869261e-01  3.840116086904974e-06
  1.334210033388634e-05  1.691713614054605e-06  3.987516519642136e+04
  6.631395523478194e+05  3.556430125802302e-04  5.227027553430055e-02
  2.507700865538596e-03  4.824251497354445e+01  2.428694617497329e+02
  4.282374443535648e+00  3.094698543887187e+02 -1.285599025890972e-02
  4.641704823219023e-09 -1.401565534307348e-03 -7.789350141570941e+00
  2.852428009531720e+00  6.034594417309209e+01  2.416053545269457e-01
  1.124414931458656e+04  5.450886211837209e+09  4.020939834535523e-01
  3.489785950448579e-01  2.709976398607196e-01  6.048570951237944e-01
  1.188667568675123e-10  2.289193305478013e-10  2.385013013781693e-14
  3.633961709472812e-02  8.337693214600525e+01  6.719162675883898e-01
  4.691197836304787e+02  2.588880934773307e-08  1.203410564633538e-08
  1.522815850997078e-10  2.924294545380027e-09  9.852974724352783e+04
  1.011639181165578e+05  3.332922288373518e-05  9.841514947470905e-03
  2.152603259488005e+01  2.119769947172807e-02  4.154115319272553e-02
  2.732776044401201e-10  2.058992937467911e-10  6.376853470441611e-03
  2.681111579357157e-04  1.050711359478546e-02  1.150863297219394e-02
  6.721103713077292e-02  3.693996835678810e-02  3.027106877398483e-02
  2.464597587441138e+01  2.854561343922308e+02  2.863456753646462e+02
  2.863456753646462e+02  2.863456753646462e+02  6.031267791857675e+00
  3.855173166941634e-01  4.554942863338182e-11  9.301806444563586e-10
  1.337107237468504e-08  7.471732709955598e-10  1.771117466138429e-12
  1.129435730214468e-08  1.921282178675128e+08  2.042494241515439e+08
  1.267777034661301e+06  2.751865351742067e-10  5.852285829195176e-10
  1.895097243798502e-11  1.554919110012972e-11  2.986933220849563e-10
  1.681273810932194e-12]
