[ 3.679820503017043e+02  3.481553665344880e+03  2.329374752139048e-06
  3.106654986905230e-06  6.195466419235995e+00  7.986930900754820e-02
  5.978700158628143e+05  1.164419084437041e+04  1.747653709329371e+01
  2.106954665744355e-06  1.470305912113031e-06  1.216303220546504e-01
 -4.201618969423136e-09  5.482421420936959e-06  4.703840297389442e-06
 -1.136022483813358e-15 -2.669924527518428e-18 -3.673777235325947e-16
  2.671618653778553e-01  6.886319202450482e-02  7.672526348420447e-03
  5.701891051455453e-02  1.047717906939386e-01  3.843830333116417e-06
  1.336389383901359e-05  1.691723958456227e-06  3.964522399870424e+04
  6.649278990653208e+05  3.558311693208765e-04  5.236050014045939e-02
  2.507759248853457e-03  4.823980562694943e+01  2.428693773730515e+02
  4.282153790216423e+00  3.094539413952145e+02 -1.268792791206358e-02
  4.648145468455088e-09 -1.399428558199662e-03 -7.738817779471445e+00
  2.848879528953558e+00  6.034176270336225e+01  2.414128422914044e-01
  1.124414655907236e+04  5.421341324275717e+09  4.018968735822718e-01
  3.484319786483021e-01  2.702198943170822e-01  6.042517215071722e-01
  1.188312361596883e-10  2.289417548877442e-10  2.378936440095924e-14
  3.633920650571705e-02  8.340976829445987e+01  6.719166781774009e-01
  4.680889742474681e+02  2.600738073062443e-08  1.201262115172515e-08
  1.494975453252800e-10  2.920339089305373e-09  9.852974859056988e+04
  1.011639403995925e+05  3.334230161191176e-05  9.841745194768353e-03
  2.153174160928463e+01  2.120018154055722e-02  4.154104815542004e-02
  2.730600014371687e-10  2.053083900210590e-10  6.378852831733894e-03
  2.606265644582139e-04  1.052251628264154e-02  1.140815822538722e-02
  6.702693663115593e-02  3.694115888540977e-02  3.008577774574616e-02
  2.464602606546723e+01  2.854561785798127e+02  2.863461797318731e+02
  2.863461797318731e+02  2.863461797318731e+02  6.030659435772385e+00
  3.856776666594373e-01  4.553250811596667e-11  9.284155515523407e-10
  1.335255928077222e-08  7.471163510617453e-10  1.770296784840144e-12
  1.130143923165537e-08  1.919796390722181e+08  2.040124980934140e+08
  1.267063495467142e+06  2.749483603225707e-10  5.858681742181012e-10
  1.894776659163701e-11  1.555787500873110e-11  2.976013529222373e-10
  1.681535401528430e-12]
