[ 3.903596615111835e+02  3.859882399845102e+03  2.326057970240547e-06
  3.141710613789692e-06  6.198928289156677e+00  8.019268536347277e-02
  5.913916671143695e+05  1.169571164760003e+04  1.747914122279290e+01
  2.100806351447788e-06  1.466834070696314e-06  1.216614666201695e-01
 -4.193612351930201e-09  5.507713276524934e-06  4.724501954151205e-06
 -1.133974838920311e-15 -2.669137026298407e-18 -3.665804183622756e-16
  2.674824377488794e-01  6.880446536250681e-02  7.657798217970924e-03
  5.651597271723745e-02  1.048132485613262e-01  3.836226759876143e-06
  1.336197086482611e-05  1.683443062027595e-06  3.993488795395032e+04
  6.589944336458412e+05  3.611630542819928e-04  5.369790270591459e-02
  2.507736368270917e-03  4.824208141940286e+01  2.428693455630723e+02
  4.282232275946174e+00  3.094598493836226e+02 -1.271595642804866e-02
  4.630440590055070e-09 -1.402121355992852e-03 -7.751971311786815e+00
  2.848324308099447e+00  6.034840061062530e+01  2.412835951085851e-01
  1.124414532097734e+04  5.367633657262815e+09  4.019737486288031e-01
  3.480003498514924e-01  2.705199276219429e-01  6.040757608009784e-01
  1.189548279331865e-10  2.290533627161524e-10  2.380535175268122e-14
  3.633948023366388e-02  8.334604987934659e+01  6.719164044494541e-01
  4.680342498075523e+02  2.593271903049596e-08  1.196209016644602e-08
  1.491633310701686e-10  2.923150905118959e-09  9.852974863199735e+04
  1.011639278107977e+05  3.331695890792646e-05  9.841475357828068e-03
  2.149572108539909e+01  2.119928144955059e-02  4.154098720319116e-02
  2.732668422046314e-10  2.059312327919663e-10  6.395516568521907e-03
  2.555982292882353e-04  1.050577190451306e-02  1.140415034503882e-02
  6.691765178588389e-02  3.683095759343118e-02  3.008669419245271e-02
  2.464612940591489e+01  2.854560605837388e+02  2.863448908691649e+02
  2.863448908691649e+02  2.863448908691649e+02  6.028808028862380e+00
  3.855959003199287e-01  4.553699673350487e-11  9.279584870882244e-10
  1.334322948342097e-08  7.478137495809511e-10  1.771098804716149e-12
  1.130517016879827e-08  1.921250658733279e+08  2.041869817568277e+08
  1.267592783897321e+06  2.751585323653224e-10  5.854755484279927e-10
  1.895461327945404e-11  1.555457183893844e-11  2.984652322666675e-10
  1.683792725672795e-12]
