[ 3.966523745831219e+02  3.626412298451657e+03  2.304436113300210e-06
  3.120193563519826e-06  6.206725565435514e+00  8.065175685930266e-02
  5.966376784440527e+05  1.168169603512866e+04  1.747424620807505e+01
  2.105496762877092e-06  1.479979269942405e-06  1.217280415112274e-01
 -4.203403443825285e-09  5.514567895887249e-06  4.701994548528916e-06
 -1.138638523102017e-15 -2.679191164820513e-18 -3.682561292904011e-16
  2.671841829072161e-01  6.887668510096753e-02  7.716468982911727e-03
  5.652597571762709e-02  1.049340759757061e-01  3.843016959912258e-06
  1.330190105848301e-05  1.682808902099412e-06  3.988188848877114e+04
  6.631847343435130e+05  3.588244360976032e-04  5.307594413285426e-02
  2.507736271688188e-03  4.824333817687367e+01  2.428692824904292e+02
  4.282097487370439e+00  3.094614070837143e+02 -1.269206777178443e-02
  4.646177619317535e-09 -1.400427149032032e-03 -7.738599838133078e+00
  2.857454813817498e+00  6.034868020131752e+01  2.414313476822763e-01
  1.124414803621313e+04  5.417414087303870e+09  4.019656961977166e-01
  3.496425864385686e-01  2.704219968151386e-01  6.047359211789802e-01
  1.188579837110949e-10  2.288910446168402e-10  2.375327920331006e-14
  3.633917737564332e-02  8.334600621933741e+01  6.719167073074747e-01
  4.689373492023371e+02  2.607480739703357e-08  1.203455796307626e-08
  1.481936301064262e-10  2.957097181895457e-09  9.852974848743348e+04
  1.011639452319537e+05  3.331679809936538e-05  9.842230312410794e-03
  2.155141770411493e+01  2.119935990733893e-02  4.154114304133243e-02
  2.731723452612614e-10  2.052713689902410e-10  6.394013301380919e-03
  2.708702971113184e-04  1.042527646540289e-02  1.145681312291860e-02
  6.727697600363490e-02  3.687264683774730e-02  3.040432916588760e-02
  2.464577062742661e+01  2.854558754969374e+02  2.863470970903253e+02
  2.863470970903253e+02  2.863470970903253e+02  6.029958983111817e+00
  3.853477410134608e-01  4.554572212990532e-11  9.319698779466297e-10
  1.340123934651618e-08  7.477541671764434e-10  1.768686465237405e-12
  1.130925190706352e-08  1.920461952015324e+08  2.042029705475771e+08
  1.269257696361776e+06  2.751385433145303e-10  5.852761851672229e-10
  1.895494090836310e-11  1.555454572382489e-11  2.976561753629438e-10
  1.687730689759002e-12]
