[ 3.823528861201733e+02  3.462643486445058e+03  2.322950041490006e-06
  3.130881389002487e-06  6.194934086739764e+00  8.050283129951993e-02
  5.980442400488533e+05  1.170006055688770e+04  1.747444203757298e+01
  2.108409082851571e-06  1.475549392546304e-06  1.215813703226746e-01
 -4.200089802471337e-09  5.497605112908083e-06  4.698534951182492e-06
 -1.136284434192320e-15 -2.668264559250976e-18 -3.671791330214386e-16
  2.673511237339460e-01  6.885665810161933e-02  7.702739100188050e-03
  5.660928628525075e-02  1.045673807405188e-01  3.849455825896285e-06
  1.335248470063660e-05  1.693925542135503e-06  3.987028583479374e+04
  6.625135822941216e+05  3.586716037128807e-04  5.316392343466336e-02
  2.507656799206554e-03  4.823971027381522e+01  2.428695056110721e+02
  4.282099589285547e+00  3.094616704245556e+02 -1.273760168109687e-02
  4.640384473889643e-09 -1.402248185745611e-03 -7.760464807487356e+00
  2.854617332111583e+00  6.034548874022062e+01  2.413155081084047e-01
  1.124414952918384e+04  5.420322814090176e+09  4.017552788428556e-01
  3.482722113941060e-01  2.706578724865393e-01  6.038062324389352e-01
  1.187606193992768e-10  2.288156683032081e-10  2.377993777366560e-14
  3.633929856839017e-02  8.335086441977664e+01  6.719165861147279e-01
  4.683581685555443e+02  2.603339371964195e-08  1.200718204089101e-08
  1.493024785368935e-10  2.922440941135787e-09  9.852974570228817e+04
  1.011639414609811e+05  3.331867410155738e-05  9.841314056078748e-03
  2.144812638631588e+01  2.119898251204286e-02  4.154111748551449e-02
  2.731573919065603e-10  2.056295671466875e-10  6.386661773673951e-03
  2.931750572770760e-04  1.053185674163887e-02  1.145959035670067e-02
  6.731768069014495e-02  3.700071515169541e-02  3.031696553844953e-02
  2.464544855113323e+01  2.854562908560200e+02  2.863435220929262e+02
  2.863435220929262e+02  2.863435220929262e+02  6.030419143778369e+00
  3.853941103782319e-01  4.550906476050933e-11  9.313084423759786e-10
  1.338536427507277e-08  7.476829514735822e-10  1.768397503892223e-12
  1.130688769747331e-08  1.920013097171616e+08  2.038770047540760e+08
  1.268851949234152e+06  2.747089655306154e-10  5.855393165407882e-10
  1.896247004784804e-11  1.556517789475648e-11  2.978293043399118e-10
  1.681415282558707e-12]
