[ 3.881172205189699e+02  3.656238658053261e+03  2.310256250145293e-06
  3.115460610742192e-06  6.216078967126515e+00  8.008270880289972e-02
  5.932988813659680e+05  1.169384330096334e+04  1.746925845147466e+01
  2.110187132758923e-06  1.466370656547364e-06  1.215900527205300e-01
 -4.186202719342942e-09  5.478764235192281e-06  4.706996335573939e-06
 -1.128843229174498e-15 -2.658692021477084e-18 -3.639397423038787e-16
  2.672279628361438e-01  6.904565856292905e-02  7.672419203024287e-03
  5.683431581666400e-02  1.046915962069706e-01  3.844468763782580e-06
  1.329504193991731e-05  1.685987519629106e-06  3.984847875502209e+04
  6.603328179040224e+05  3.586137345642654e-04  5.309321632605001e-02
  2.507755463255337e-03  4.823940337588377e+01  2.428694940332300e+02
  4.282055649194379e+00  3.094664097112174e+02 -1.260585404457818e-02
  4.655064773927323e-09 -1.400321872922414e-03 -7.720072435399328e+00
  2.856434385455322e+00  6.034719278138951e+01  2.414272822934802e-01
  1.124414930749905e+04  5.382917730445864e+09  4.023664300250874e-01
  3.482556504318703e-01  2.705345317684220e-01  6.044628792713902e-01
  1.187104599653828e-10  2.288787795611110e-10  2.383232684275616e-14
  3.633906803262536e-02  8.344303377546703e+01  6.719168166504927e-01
  4.681500835870222e+02  2.592910823490291e-08  1.197894302017679e-08
  1.487450963619218e-10  2.925587857970598e-09  9.852974656994322e+04
  1.011639839095831e+05  3.335557251508202e-05  9.841859263544831e-03
  2.155029430530085e+01  2.119905972635998e-02  4.154112705395244e-02
  2.734550613813300e-10  2.061042229689151e-10  6.361825965480187e-03
  2.882879352676790e-04  1.047441210721088e-02  1.151038972472784e-02
  6.703804231204562e-02  3.690894706109870e-02  3.012909525094692e-02
  2.464598006804246e+01  2.854576715636406e+02  2.863501383028873e+02
  2.863501383028873e+02  2.863501383028873e+02  6.031083643239881e+00
  3.856114587940735e-01  4.554824180785707e-11  9.275585567379211e-10
  1.332641143823750e-08  7.465985890976082e-10  1.765666517277667e-12
  1.129059936886741e-08  1.920393348678664e+08  2.037553402662660e+08
  1.266122676861939e+06  2.753144585284656e-10  5.843475156879057e-10
  1.894067222674070e-11  1.554718046758919e-11  2.983251937542456e-10
  1.682849205308003e-12]
