[ 3.784944155937180e+02  3.516870277368525e+03  2.320805138078020e-06
  3.142312757377453e-06  6.213020239502288e+00  8.008481468799462e-02
  5.964516351703546e+05  1.161460872362105e+04  1.747986873974952e+01
  2.093619828749011e-06  1.474404708315592e-06  1.216072284625288e-01
 -4.212576450498093e-09  5.515197973644389e-06  4.721108806344721e-06
 -1.133945538803267e-15 -2.672507306274577e-18 -3.669297579689092e-16
  2.671197595265839e-01  6.892279439322949e-02  7.688911818772717e-03
  5.630056402557047e-02  1.049075604847284e-01  3.815400412717900e-06
  1.335838395968183e-05  1.678421167125945e-06  3.964015168953202e+04
  6.631106450954386e+05  3.583862597326775e-04  5.286425474871694e-02
  2.507707925080995e-03  4.824179313837790e+01  2.428694894167540e+02
  4.282166801042473e+00  3.094671231530931e+02 -1.265496966804762e-02
  4.648957194211595e-09 -1.400587931565486e-03 -7.731891991160167e+00
  2.855420622734376e+00  6.034470684665036e+01  2.414374755678226e-01
  1.124414862536549e+04  5.421143489326378e+09  4.021057030107474e-01
  3.476045424299383e-01  2.708823675312056e-01  6.037772608438067e-01
  1.187882776132278e-10  2.288530258813986e-10  2.376685746207329e-14
  3.633915022176234e-02  8.340964037399553e+01  6.719167344613556e-01
  4.682538068294114e+02  2.600474722182237e-08  1.201322486019188e-08
  1.484404230226233e-10  2.930297926869787e-09  9.852975000960902e+04
  1.011639140545066e+05  3.334228657779489e-05  9.841584650652376e-03
  2.156607581574554e+01  2.119893643378444e-02  4.154122683184752e-02
  2.732488911529294e-10  2.062353846867245e-10  6.358807522825702e-03
  2.633573314283680e-04  1.052838155670345e-02  1.146270458241400e-02
  6.702047382166867e-02  3.672523001245884e-02  3.029524380920984e-02
  2.464594779233632e+01  2.854579016856277e+02  2.863495551820272e+02
  2.863495551820272e+02  2.863495551820272e+02  6.030494530552041e+00
  3.858600028580866e-01  4.555624769075328e-11  9.291471403625181e-10
  1.335143332542259e-08  7.471050253282655e-10  1.768221671097540e-12
  1.129784028768749e-08  1.920482410907339e+08  2.043961827738748e+08
  1.267545584263704e+06  2.753291989580073e-10  5.852503917514517e-10
  1.894377040217273e-11  1.555542445793898e-11  2.980583314200011e-10
  1.681734699735004e-12]
