[ 3.924800468438289e+02  3.642718354402265e+03  2.330925730462827e-06
  3.103994947640436e-06  6.191087529429164e+00  7.957396269317075e-02
  5.900326662875015e+05  1.168920188292732e+04  1.747135966014291e+01
  2.097818883837217e-06  1.465385032084144e-06  1.216031137717151e-01
 -4.195136658756955e-09  5.505892211174273e-06  4.713930600403487e-06
 -1.136244688579767e-15 -2.676965440523821e-18 -3.695953395484245e-16
  2.675231209760109e-01  6.886323795995232e-02  7.611126078428817e-03
  5.616878215216208e-02  1.046812283272731e-01  3.832146335954190e-06
  1.332844333671086e-05  1.681667681694165e-06  3.989083825046970e+04
  6.545850841410743e+05  3.534464746623623e-04  5.158286071030909e-02
  2.507774284107948e-03  4.824184949323674e+01  2.428694473181251e+02
  4.282186425228123e+00  3.094590294866892e+02 -1.278509255439995e-02
  4.636063847412779e-09 -1.400604807642722e-03 -7.767594511473782e+00
  2.852800829909642e+00  6.034724765724905e+01  2.414378022871933e-01
  1.124414979823253e+04  5.346603566172436e+09  4.015164923876965e-01
  3.476976944126660e-01  2.705685793915031e-01  6.029737099595003e-01
  1.187223623576325e-10  2.289475138202368e-10  2.379537721808384e-14
  3.633944662485663e-02  8.335732915448517e+01  6.719164380582614e-01
  4.684049200693680e+02  2.589700048341951e-08  1.205684958372209e-08
  1.472389011836109e-10  2.900586506112228e-09  9.852974964279655e+04
  1.011639642028092e+05  3.332136192048147e-05  9.841433647251209e-03
  2.149513259069008e+01  2.119946397998188e-02  4.154102798654388e-02
  2.731722197794656e-10  2.054878048848917e-10  6.375480775650305e-03
  2.740679449909306e-04  1.061334552584879e-02  1.145811638034366e-02
  6.693590166651328e-02  3.679752806862167e-02  3.013837359789159e-02
  2.464614460246773e+01  2.854545017980851e+02  2.863436410475041e+02
  2.863436410475041e+02  2.863436410475041e+02  6.028903824660942e+00
  3.852593343960181e-01  4.550416531986248e-11  9.280593626541940e-10
  1.333478981619042e-08  7.477030248450298e-10  1.769777075896179e-12
  1.130543097315392e-08  1.918597005685290e+08  2.042656721243650e+08
  1.267391971512052e+06  2.748563188148547e-10  5.851219697571374e-10
  1.893544085826961e-11  1.556028733250234e-11  2.973408033209856e-10
  1.682613691116048e-12]
