[ 3.957117216772220e+02  3.572018625280617e+03  2.305749418116525e-06
  3.111683845277107e-06  6.202962014377245e+00  8.007992506749743e-02
  5.934543057414476e+05  1.162114378163270e+04  1.747050726761070e+01
  2.107864501892744e-06  1.474089886971895e-06  1.215445628603181e-01
 -4.186982974104023e-09  5.475838558803055e-06  4.694808400631314e-06
 -1.133297673545873e-15 -2.666219447727932e-18 -3.675915131413490e-16
  2.674543408799675e-01  6.886122050072911e-02  7.672167347592173e-03
  5.658054525379930e-02  1.047955821820680e-01  3.853949216907782e-06
  1.330496397745002e-05  1.687488326949454e-06  3.962570228651621e+04
  6.635330179375008e+05  3.610177979656623e-04  5.365965504204163e-02
  2.507715616660286e-03  4.824093422032704e+01  2.428694437166130e+02
  4.282175504658786e+00  3.094735628481700e+02 -1.263736815662781e-02
  4.660347466957640e-09 -1.399347765976929e-03 -7.728476350589437e+00
  2.855417621395058e+00  6.034974904574606e+01  2.415894759487963e-01
  1.124414851580729e+04  5.409497696917061e+09  4.016397640159140e-01
  3.480572926148122e-01  2.710226102371848e-01  6.038412198631636e-01
  1.187795492159422e-10  2.287817180950567e-10  2.380874569229683e-14
  3.633915463221618e-02  8.340820619853291e+01  6.719167300509018e-01
  4.680526793017369e+02  2.594477837533603e-08  1.198185520958219e-08
  1.519867117300922e-10  2.921111253408058e-09  9.852974510007382e+04
  1.011639237338119e+05  3.334170043335725e-05  9.842118186995697e-03
  2.154594049636340e+01  2.119916184050188e-02  4.154106803900733e-02
  2.732598292502662e-10  2.056687529116944e-10  6.383831477628689e-03
  2.655012529081930e-04  1.044948821478502e-02  1.146958328573439e-02
  6.716447837605588e-02  3.704149191600750e-02  3.012298646004838e-02
  2.464564567134578e+01  2.854567307614207e+02  2.863476054229525e+02
  2.863476054229525e+02  2.863476054229525e+02  6.031140606688525e+00
  3.852959358418893e-01  4.552169532555056e-11  9.301787949631603e-10
  1.336559238293057e-08  7.474577267871526e-10  1.772785222524172e-12
  1.130159211737846e-08  1.920862349351994e+08  2.042362040657649e+08
  1.267926722398986e+06  2.750329024755885e-10  5.848195975806084e-10
  1.894457918763052e-11  1.554543115756161e-11  2.975797212564465e-10
  1.681910036538453e-12]
