[ 3.962717323847191e+02  3.563053522630166e+03  2.342239941385740e-06
  3.128565651377577e-06  6.210785862832818e+00  7.946426266822813e-02
  5.924743102805616e+05  1.164987638395080e+04  1.747209079592112e+01
  2.100234741945776e-06  1.470096516474864e-06  1.216752693386281e-01
 -4.173855860792020e-09  5.445384746864077e-06  4.704516901244557e-06
 -1.139165542010625e-15 -2.663961547679231e-18 -3.672123460012790e-16
  2.675540722612875e-01  6.897020823177114e-02  7.613751032174956e-03
  5.654243997377150e-02  1.049083178269396e-01  3.836431535364345e-06
  1.338744897402617e-05  1.685582704647071e-06  3.971153845766083e+04
  6.606365679919600e+05  3.598701461500183e-04  5.332750948721882e-02
  2.507700043721116e-03  4.824154871309832e+01  2.428694779701625e+02
  4.282171098039808e+00  3.094526333095412e+02 -1.272900213811192e-02
  4.653829123907825e-09 -1.401103973534305e-03 -7.750926966024391e+00
  2.854584410230044e+00  6.034180549211301e+01  2.414586428608948e-01
  1.124414960312895e+04  5.396825232767335e+09  4.018101177677240e-01
  3.483487798061063e-01  2.711478713135363e-01  6.040870803510406e-01
  1.187062831671464e-10  2.288424844986290e-10  2.380603150530723e-14
  3.633950932998427e-02  8.339468153329872e+01  6.719163753531338e-01
  4.680529943699354e+02  2.600886234332223e-08  1.195331796447685e-08
  1.441979867722057e-10  2.928032841742731e-09  9.852974663378834e+04
  1.011639384056887e+05  3.333627321745172e-05  9.841969151635085e-03
  2.154807368326234e+01  2.120067715780713e-02  4.154107645798015e-02
  2.731664407248379e-10  2.061416628903513e-10  6.378656033166111e-03
  2.701764579971131e-04  1.045819018930937e-02  1.151292547230228e-02
  6.719352934550407e-02  3.686182032453530e-02  3.033170902096877e-02
  2.464594214208636e+01  2.854563667803996e+02  2.863467379304510e+02
  2.863467379304510e+02  2.863467379304510e+02  6.029790065097125e+00
  3.848813469792901e-01  4.556835844768893e-11  9.283714694074194e-10
  1.333582826594535e-08  7.473155122099561e-10  1.766540515081673e-12
  1.129845976257698e-08  1.919317688133545e+08  2.041301129214624e+08
  1.267328112623303e+06  2.753811846334643e-10  5.851619802475989e-10
  1.893920650742151e-11  1.555408279000581e-11  2.982427381492972e-10
  1.682717661917190e-12]
