[ 3.969569817196265e+02  3.596449063414691e+03  2.361168751284984e-06
  3.134984108805215e-06  6.210197267407900e+00  8.021209868023454e-02
  5.904352109603039e+05  1.167454739065748e+04  1.747538686528896e+01
  2.098629555654490e-06  1.459208073456359e-06  1.216873675384798e-01
 -4.187142677292601e-09  5.485355654205678e-06  4.701843353246745e-06
 -1.137390876641973e-15 -2.668965840624961e-18 -3.671970221569124e-16
  2.672916043097917e-01  6.895289946982366e-02  7.678498785384901e-03
  5.668596679105841e-02  1.047499574941975e-01  3.837826817999729e-06
  1.325748659039607e-05  1.687936100922057e-06  3.978489040343297e+04
  6.578749840287149e+05  3.578308854156851e-04  5.289478497387128e-02
  2.507767748394232e-03  4.824293110599761e+01  2.428693335094170e+02
  4.282229924554660e+00  3.094621360629288e+02 -1.287469240807188e-02
  4.640028450512598e-09 -1.401037640952361e-03 -7.786343495294983e+00
  2.846697360588799e+00  6.034703963051961e+01  2.413340065760964e-01
  1.124414479332123e+04  5.360820261948545e+09  4.021589377764763e-01
  3.490850580921316e-01  2.708296596175058e-01  6.043239307254611e-01
  1.187144061891919e-10  2.288865847323399e-10  2.386023300368263e-14
  3.633929294987685e-02  8.333053855997474e+01  6.719165917332413e-01
  4.680644685129427e+02  2.598569067366767e-08  1.197212820963435e-08
  1.515811150300958e-10  2.929209921995017e-09  9.852975457865858e+04
  1.011639604670274e+05  3.331070474622234e-05  9.841778868029338e-03
  2.150100287596498e+01  2.119882962639385e-02  4.154102908818402e-02
  2.731805105606563e-10  2.056537289924168e-10  6.395453925965413e-03
  2.715209362478371e-04  1.054893680196806e-02  1.147312628315401e-02
  6.689981649761412e-02  3.684809251505700e-02  3.005172398255712e-02
  2.464671207175201e+01  2.854550362771683e+02  2.863446281099704e+02
  2.863446281099704e+02  2.863446281099704e+02  6.030807161219792e+00
  3.852223070311374e-01  4.551582238936422e-11  9.277736430350669e-10
  1.332908121195883e-08  7.473519118437254e-10  1.765887689367280e-12
  1.130231245001311e-08  1.919093797213566e+08  2.042630327243887e+08
  1.267017274828717e+06  2.751179938655805e-10  5.851116930915647e-10
  1.892889970203084e-11  1.555917162141703e-11  2.988457166662252e-10
  1.685720883767437e-12]
