[ 4.119202439137833e+02  3.662713835953574e+03  2.319600470252793e-06
  3.122220461227475e-06  6.190164575225421e+00  7.948641275966839e-02
  5.851718419821452e+05  1.166731225142228e+04  1.746924031276704e+01
  2.109738193334066e-06  1.459021951110588e-06  1.215187579488894e-01
 -4.182141686890983e-09  5.478717784791810e-06  4.723583596550246e-06
 -1.134761869847781e-15 -2.661910389858024e-18 -3.677026038535466e-16
  2.671870072838945e-01  6.879057067855408e-02  7.600097521750908e-03
  5.632547311510724e-02  1.049235389437404e-01  3.848670534470199e-06
  1.330174015205870e-05  1.689010884784051e-06  3.976320356525941e+04
  6.549885359053503e+05  3.576862260570728e-04  5.281753812844827e-02
  2.507716331248683e-03  4.824088012770850e+01  2.428694543919511e+02
  4.282339493370804e+00  3.094580778123088e+02 -1.289536587913233e-02
  4.629100577854888e-09 -1.401168272794951e-03 -7.791079793090501e+00
  2.851720128487825e+00  6.034481222092025e+01  2.414093423838279e-01
  1.124414802831788e+04  5.352556855800379e+09  4.018193136017993e-01
  3.476565461906962e-01  2.705947364971830e-01  6.034422962321451e-01
  1.188382459991154e-10  2.289165208954840e-10  2.386612051177152e-14
  3.633945015525989e-02  8.339304928938962e+01  6.719164345278582e-01
  4.688853666242078e+02  2.590405393394610e-08  1.200626590135734e-08
  1.457290790363120e-10  2.929914887441320e-09  9.852974423934158e+04
  1.011639481751877e+05  3.333560773748436e-05  9.841292781422421e-03
  2.149815279986781e+01  2.119870415282978e-02  4.154100327847477e-02
  2.734057263283753e-10  2.055642193296894e-10  6.384002928190323e-03
  2.824836985368986e-04  1.053881725674704e-02  1.145189390638738e-02
  6.721233949864969e-02  3.702971554944952e-02  3.018262394920016e-02
  2.464570426680723e+01  2.854549669388238e+02  2.863442262786563e+02
  2.863442262786563e+02  2.863442262786563e+02  6.029507880309084e+00
  3.859570940858564e-01  4.553925061502358e-11  9.303408680005461e-10
  1.337251114586002e-08  7.474486177369806e-10  1.771094691940252e-12
  1.130411532617016e-08  1.920353679800773e+08  2.039617531545107e+08
  1.268083069768527e+06  2.751326162393094e-10  5.845555327023562e-10
  1.893321515085020e-11  1.555263708069549e-11  2.986741956194650e-10
  1.689040483482960e-12]
