[ 3.885247882585763e+02  3.731394096862181e+03  2.309852304169132e-06
  3.135946490967908e-06  6.204515378147422e+00  8.003160606832237e-02
  5.966408747813258e+05  1.159428612587138e+04  1.747954606532086e+01
  2.097537664004866e-06  1.463946336802620e-06  1.215146337160930e-01
 -4.185892688379291e-09  5.493063426887178e-06  4.711104827497332e-06
 -1.134504106575290e-15 -2.661668994039317e-18 -3.661882467234426e-16
  2.670680544284290e-01  6.887098072920551e-02  7.670563041291791e-03
  5.646429794903590e-02  1.048497904836499e-01  3.805193914977685e-06
  1.331554329486094e-05  1.670224556793189e-06  3.957112017032295e+04
  6.607388463899133e+05  3.576859468057871e-04  5.281031307676234e-02
  2.507726209694548e-03  4.824162761443099e+01  2.428694073699073e+02
  4.282112646554270e+00  3.094697751768568e+02 -1.263757497733313e-02
  4.642740749505965e-09 -1.400382466744806e-03 -7.726293208698175e+00
  2.855558656227556e+00  6.035105385046110e+01  2.413036439795139e-01
  1.124415233236815e+04  5.399083118282216e+09  4.014736052827322e-01
  3.482982493196482e-01  2.706298972429100e-01  6.035588278438364e-01
  1.188577827942383e-10  2.290530335420658e-10  2.376119552103335e-14
  3.633930149719140e-02  8.335900167837252e+01  6.719165831859266e-01
  4.678832026448729e+02  2.592633422891791e-08  1.211864917713018e-08
  1.541275333350906e-10  2.944707530289298e-09  9.852974561390279e+04
  1.011639450145703e+05  3.332198674699594e-05  9.841567743936823e-03
  2.153980822844588e+01  2.119994014764989e-02  4.154093332867151e-02
  2.732075597992188e-10  2.059003731168310e-10  6.381525427923830e-03
  2.725091519301418e-04  1.052590162630216e-02  1.147732294230085e-02
  6.669198926784085e-02  3.664942232935280e-02  3.004256693848806e-02
  2.464565320105173e+01  2.854543436706916e+02  2.863455303084605e+02
  2.863455303084605e+02  2.863455303084605e+02  6.030860418594376e+00
  3.858453090324993e-01  4.554281954944756e-11  9.278217181552058e-10
  1.332667675997675e-08  7.477440966455388e-10  1.769693110522000e-12
  1.130668040498150e-08  1.920428632317543e+08  2.041985481780563e+08
  1.267595842084639e+06  2.751103680186059e-10  5.852260793713842e-10
  1.894682697476878e-11  1.556049695466641e-11  2.993625368687653e-10
  1.681284624711582e-12]
