[ 3.884255351806605e+02  3.595509056693666e+03  2.332060679425418e-06
  3.126982346992825e-06  6.222976192009738e+00  8.028477609630533e-02
  5.941060438098565e+05  1.169631583014159e+04  1.747023573097742e+01
  2.106036948953699e-06  1.469044558629363e-06  1.216139002877751e-01
 -4.181075483493232e-09  5.477362836924612e-06  4.715984757447659e-06
 -1.137349728571707e-15 -2.673655266029039e-18 -3.652850470047590e-16
  2.671223657383198e-01  6.911730735772541e-02  7.692820095478203e-03
  5.636141500698774e-02  1.047974445769174e-01  3.841515361771116e-06
  1.332518902539584e-05  1.686369971142494e-06  3.993273824623769e+04
  6.602581002945913e+05  3.598615573210987e-04  5.345302170243263e-02
  2.507687390194312e-03  4.824117246274641e+01  2.428695167516748e+02
  4.282003077939353e+00  3.094615482290071e+02 -1.270908172575183e-02
  4.641679937826285e-09 -1.401740440551297e-03 -7.752834183698135e+00
  2.849210426201643e+00  6.034870385579374e+01  2.415502879452348e-01
  1.124415090084394e+04  5.414096622045556e+09  4.017410104553363e-01
  3.479667801703195e-01  2.705197331039472e-01  6.041216348006804e-01
  1.189314219939621e-10  2.288945295627559e-10  2.376119933670102e-14
  3.633914096249679e-02  8.340068806168145e+01  6.719167437206212e-01
  4.688243158267492e+02  2.594290887114373e-08  1.198340848245870e-08
  1.479610392864447e-10  2.931487828225760e-09  9.852974225808667e+04
  1.011639292543997e+05  3.333863384944489e-05  9.842342140386080e-03
  2.155337617098952e+01  2.119820397898210e-02  4.154106978596173e-02
  2.731239879153467e-10  2.058690974728467e-10  6.354563979196955e-03
  2.797562318902076e-04  1.047010748099425e-02  1.149705250969293e-02
  6.709057174967638e-02  3.686745098330747e-02  3.022312076636892e-02
  2.464548798195974e+01  2.854564803148691e+02  2.863467871354878e+02
  2.863467871354878e+02  2.863467871354878e+02  6.030485225453945e+00
  3.854708192429390e-01  4.555711777090067e-11  9.299377436450153e-10
  1.336810346558722e-08  7.476317497968920e-10  1.768806481071104e-12
  1.130706802824379e-08  1.922072899822088e+08  2.042937247536608e+08
  1.268042577581845e+06  2.752699154221180e-10  5.855810295560820e-10
  1.895000686514993e-11  1.555918284902260e-11  2.978534972817622e-10
  1.686455478231225e-12]
