[ 3.805507531297681e+02  3.476899643435660e+03  2.338918725360844e-06
  3.128621824340735e-06  6.199744975000186e+00  7.961765111986657e-02
  5.917388753018657e+05  1.169021866506487e+04  1.747331378924567e+01
  2.100713913561294e-06  1.462746927497476e-06  1.216099069007440e-01
 -4.189581711333975e-09  5.497927096785870e-06  4.707348120812231e-06
 -1.132704556150321e-15 -2.668756623728052e-18 -3.653230764214321e-16
  2.674989798020418e-01  6.885245490993665e-02  7.631582992710729e-03
  5.680165269128153e-02  1.046787294350151e-01  3.831860053797207e-06
  1.327829551310557e-05  1.686308507596124e-06  3.982681663723689e+04
  6.585790287071610e+05  3.590075426356115e-04  5.313547154546272e-02
  2.507730664284107e-03  4.824099129280000e+01  2.428693996024527e+02
  4.282318863738837e+00  3.094642053916144e+02 -1.261387424867778e-02
  4.639998688675225e-09 -1.400917368542288e-03 -7.727038557844145e+00
  2.854573775874308e+00  6.034786565933436e+01  2.413998508936130e-01
  1.124415215518989e+04  5.383315010011133e+09  4.012468560740201e-01
  3.477907000181789e-01  2.708468895880670e-01  6.032694371491218e-01
  1.186846922904243e-10  2.290056527881588e-10  2.378844043409603e-14
  3.633931884903381e-02  8.342240495982357e+01  6.719165658340841e-01
  4.696832132202531e+02  2.600584482509776e-08  1.204093142785486e-08
  1.479403252656618e-10  2.923283493553611e-09  9.852974867432358e+04
  1.011639321591191e+05  3.334751033822036e-05  9.841228440943319e-03
  2.149320707007612e+01  2.119907178012884e-02  4.154109951886849e-02
  2.732941285009446e-10  2.059699398561000e-10  6.375478496710886e-03
  2.650352288610761e-04  1.055593804286816e-02  1.146047261847231e-02
  6.692529267937125e-02  3.678180236736586e-02  3.014349031200538e-02
  2.464601930807477e+01  2.854561753048295e+02  2.863452101880401e+02
  2.863452101880401e+02  2.863452101880401e+02  6.031585235306881e+00
  3.855701629207550e-01  4.549248025176617e-11  9.288163520683661e-10
  1.333258467319934e-08  7.473742131737764e-10  1.766490454949245e-12
  1.130486433864629e-08  1.918894609930252e+08  2.041416679760447e+08
  1.267603430687624e+06  2.749022752182545e-10  5.851787224863431e-10
  1.894186695165516e-11  1.556223700528405e-11  2.972952313505605e-10
  1.682710983327306e-12]
