[ 3.969827863821709e+02  3.552981866490349e+03  2.291405364583445e-06
  3.126929981626367e-06  6.200184455692506e+00  7.994153763350574e-02
  5.908682573121489e+05  1.164190276085855e+04  1.747645823436276e+01
  2.107344303156274e-06  1.469243679925787e-06  1.216520899517487e-01
 -4.207708852848417e-09  5.521953291957245e-06  4.692077144686378e-06
 -1.140020695864247e-15 -2.674789341236931e-18 -3.688846901300819e-16
  2.673365326075861e-01  6.891072757370328e-02  7.662220206694546e-03
  5.634011845908740e-02  1.046117835906040e-01  3.852258125637424e-06
  1.332758052075461e-05  1.688774803305579e-06  3.965122171189271e+04
  6.599375014558329e+05  3.578906160924159e-04  5.300646410470254e-02
  2.507668291121100e-03  4.824037926506157e+01  2.428694707511762e+02
  4.282127880583490e+00  3.094637600701523e+02 -1.283506460944880e-02
  4.648184884442738e-09 -1.400774702556441e-03 -7.784540196456202e+00
  2.857426027003965e+00  6.034570003026381e+01  2.413878148188034e-01
  1.124414900119422e+04  5.394018762278221e+09  4.021787124319204e-01
  3.485412095359910e-01  2.705201269306025e-01  6.047906708248212e-01
  1.186912179321193e-10  2.288279305466704e-10  2.381784921409449e-14
  3.633957845309203e-02  8.339052922431233e+01  6.719163062300260e-01
  4.680562440672692e+02  2.609152411118268e-08  1.199364936091821e-08
  1.496431686269452e-10  2.940085382804917e-09  9.852974638275809e+04
  1.011639409836134e+05  3.333473210098197e-05  9.841468843174515e-03
  2.150052062441251e+01  2.120034773166354e-02  4.154101912045785e-02
  2.730515486549472e-10  2.061072977666953e-10  6.388740864714455e-03
  2.659043847709344e-04  1.045137579681079e-02  1.146031577260562e-02
  6.717527059905067e-02  3.690026001329445e-02  3.027501058575623e-02
  2.464560909952057e+01  2.854565997399620e+02  2.863462097820918e+02
  2.863462097820918e+02  2.863462097820918e+02  6.030108446599117e+00
  3.850508148822165e-01  4.553461099302374e-11  9.280828113100743e-10
  1.333777232033582e-08  7.469165312338933e-10  1.766839198381812e-12
  1.129527006614597e-08  1.920071832601552e+08  2.041077824474820e+08
  1.266797921547922e+06  2.752234578007662e-10  5.851937232789670e-10
  1.894716858734508e-11  1.555241535917510e-11  2.988317615191452e-10
  1.684673500911990e-12]
