[ 3.985480488341669e+02  3.517588478501513e+03  2.315225349671935e-06
  3.133372227015477e-06  6.219453791203650e+00  8.021633919181996e-02
  5.956540519242442e+05  1.168573113769476e+04  1.747487910495419e+01
  2.108495368815866e-06  1.474758965757831e-06  1.216473142898556e-01
 -4.197026077538805e-09  5.487238107483030e-06  4.707315498002528e-06
 -1.136522987019519e-15 -2.673838024120058e-18 -3.674829421888033e-16
  2.670991270970789e-01  6.904305001961904e-02  7.681573809347806e-03
  5.668965530553702e-02  1.049638224415234e-01  3.841724587408239e-06
  1.333843696633034e-05  1.694424864428167e-06  3.980686058467787e+04
  6.616980069058202e+05  3.600068254481146e-04  5.337604171230335e-02
  2.507725211650636e-03  4.824232208718851e+01  2.428694531841473e+02
  4.282233732472723e+00  3.094561647923543e+02 -1.266872032614582e-02
  4.642875454740553e-09 -1.401056954564565e-03 -7.736611405316013e+00
  2.854899220254315e+00  6.034457141254389e+01  2.415566951774130e-01
  1.124415032536840e+04  5.426242022879159e+09  4.015600010728129e-01
  3.487337020304393e-01  2.706509211534860e-01  6.037907475599460e-01
  1.189313851694131e-10  2.288905283391163e-10  2.380434844213836e-14
  3.633918898736204e-02  8.337695459091975e+01  6.719166956957560e-01
  4.682298245792709e+02  2.603501777620755e-08  1.195725527892308e-08
  1.478123395275660e-10  2.916824315826179e-09  9.852974559082101e+04
  1.011639290597751e+05  3.332921643240071e-05  9.841774234052521e-03
  2.153187130320575e+01  2.119922578763052e-02  4.154103683793263e-02
  2.731817393594344e-10  2.060083973585385e-10  6.368623439368627e-03
  2.687150170146321e-04  1.051397807816504e-02  1.140159728584974e-02
  6.739508997892686e-02  3.702874184834363e-02  3.036634813058324e-02
  2.464577480822122e+01  2.854550848335139e+02  2.863443295867064e+02
  2.863443295867064e+02  2.863443295867064e+02  6.030290719948288e+00
  3.859494527082057e-01  4.553002389001779e-11  9.306877226597719e-10
  1.338950992862577e-08  7.475796345715609e-10  1.769492228600465e-12
  1.130423687853095e-08  1.921301817714334e+08  2.043172521634902e+08
  1.268459972631777e+06  2.752664739170323e-10  5.849259781296209e-10
  1.894122445261601e-11  1.555199285025703e-11  2.987104098518745e-10
  1.688159714078114e-12]
