[ 3.823951373427827e+02  3.519380880443775e+03  2.305847261464724e-06
  3.133612458483134e-06  6.211809207714700e+00  8.061133971761972e-02
  6.000713170596198e+05  1.166668296995139e+04  1.747677371091835e+01
  2.107963474409431e-06  1.478121156374649e-06  1.217346236244217e-01
 -4.211023092000144e-09  5.516740826924679e-06  4.696998229801260e-06
 -1.138152440572169e-15 -2.677423516857150e-18 -3.661553747956421e-16
  2.669979681377820e-01  6.898624118849944e-02  7.734457237792881e-03
  5.637593320132817e-02  1.047534108124801e-01  3.839913985515167e-06
  1.338946104984543e-05  1.692867076263391e-06  3.975212226944473e+04
  6.652655416156687e+05  3.573052533934388e-04  5.262172922764088e-02
  2.507680951288324e-03  4.824147062151871e+01  2.428694158491315e+02
  4.282142523810541e+00  3.094642074098441e+02 -1.265504470690662e-02
  4.640690734030668e-09 -1.401386925542074e-03 -7.734657694206048e+00
  2.852796293150664e+00  6.034890689394168e+01  2.415663237071564e-01
  1.124415019695950e+04  5.444315398256134e+09  4.013971136054997e-01
  3.497230267178756e-01  2.709069406886220e-01  6.045133914733057e-01
  1.187372883105666e-10  2.288797054718002e-10  2.379706232076267e-14
  3.633966263977681e-02  8.332284830436805e+01  6.719162220433412e-01
  4.685369901923756e+02  2.595740830157051e-08  1.205175229118715e-08
  1.474319269145130e-10  2.924858399410742e-09  9.852974371771180e+04
  1.011639479259055e+05  3.330753422318321e-05  9.841869665043029e-03
  2.150814026678416e+01  2.120018645460350e-02  4.154119355018449e-02
  2.731175745110728e-10  2.058505148928484e-10  6.369477758811367e-03
  2.947073582312152e-04  1.057760706115018e-02  1.146024946448909e-02
  6.730624162448225e-02  3.701319059363785e-02  3.029305103084440e-02
  2.464542208827388e+01  2.854545865418617e+02  2.863444516211345e+02
  2.863444516211345e+02  2.863444516211345e+02  6.029790844858123e+00
  3.859423258786046e-01  4.554222669020002e-11  9.274011463664727e-10
  1.331533492699585e-08  7.474151096061412e-10  1.767553814814794e-12
  1.130273128942046e-08  1.919639961866017e+08  2.041856429147638e+08
  1.267085796900696e+06  2.752360934061126e-10  5.850418489733291e-10
  1.895758553785736e-11  1.555065970381837e-11  2.981153738444894e-10
  1.681328285171219e-12]
