[ 3.874778023088755e+02  3.514135470814757e+03  2.359980228434876e-06
  3.100764758731509e-06  6.206130741267402e+00  7.945001319035626e-02
  5.903510377431724e+05  1.163999101089304e+04  1.747235611972402e+01
  2.091349737654918e-06  1.458607885069324e-06  1.215395774727516e-01
 -4.184431225807159e-09  5.466802139252512e-06  4.723814969957507e-06
 -1.136768361236726e-15 -2.669522501848242e-18 -3.660144428816141e-16
  2.672197536454069e-01  6.885439644949308e-02  7.627899106985588e-03
  5.605887221683344e-02  1.047223101683348e-01  3.821900522299293e-06
  1.332768094857904e-05  1.681973483171747e-06  3.971493674824959e+04
  6.551635551291432e+05  3.586417048322936e-04  5.308095349626965e-02
  2.507828694157414e-03  4.824143821033901e+01  2.428693267405638e+02
  4.282024816742846e+00  3.094629713801312e+02 -1.267997341587563e-02
  4.640918048487323e-09 -1.400322640503584e-03 -7.742773816682813e+00
  2.848601521925187e+00  6.034528286198699e+01  2.413933022528460e-01
  1.124414468578193e+04  5.345338305727711e+09  4.011424830869842e-01
  3.477498281020785e-01  2.706752301390941e-01  6.032000055662003e-01
  1.188727374038543e-10  2.289247580738208e-10  2.378333598483374e-14
  3.633980773389894e-02  8.339426459363825e+01  6.719160769492190e-01
  4.680282936136484e+02  2.590243137839638e-08  1.197641456430289e-08
  1.475403612133186e-10  2.919933137299750e-09  9.852975279322320e+04
  1.011639629597729e+05  3.333612070912832e-05  9.842253049308733e-03
  2.156560013652491e+01  2.119892630228388e-02  4.154101278619491e-02
  2.733858625017198e-10  2.057940491108210e-10  6.351212802087721e-03
  2.955103255206738e-04  1.049443430721119e-02  1.151287449465067e-02
  6.679935805376867e-02  3.676691256305096e-02  3.003244549071772e-02
  2.464666138454440e+01  2.854562240268543e+02  2.863472274898311e+02
  2.863472274898311e+02  2.863472274898311e+02  6.030369161977769e+00
  3.854739493066344e-01  4.548470687802399e-11  9.282141010623642e-10
  1.333217040883769e-08  7.472568254161036e-10  1.768096083716085e-12
  1.130315605724382e-08  1.920174662809008e+08  2.040144573071435e+08
  1.267548511004390e+06  2.747714737037658e-10  5.846521642322801e-10
  1.894054365665008e-11  1.555262244746733e-11  2.984314797101660e-10
  1.685391658420957e-12]
