[ 3.853461720659042e+02  3.641075436282130e+03  2.334876787858694e-06
  3.120374468021186e-06  6.216795508978856e+00  7.962602646172194e-02
  5.918898710241611e+05  1.164433072018784e+04  1.747568860068991e+01
  2.105312898746385e-06  1.465370341914708e-06  1.217165162791413e-01
 -4.203991168403592e-09  5.506726963710432e-06  4.703221494552610e-06
 -1.137892171249013e-15 -2.671217295601483e-18 -3.697685336367370e-16
  2.669628718184718e-01  6.900346525187381e-02  7.643928301412312e-03
  5.667361634424693e-02  1.049498189167977e-01  3.841754115410437e-06
  1.333931955196469e-05  1.691557681565758e-06  3.968701803282755e+04
  6.589015149325483e+05  3.573412130886542e-04  5.267796353310815e-02
  2.507707495086663e-03  4.824027874599697e+01  2.428693464595348e+02
  4.282254417664638e+00  3.094616201857440e+02 -1.289601509474550e-02
  4.640488226235601e-09 -1.402974773352402e-03 -7.807233762869184e+00
  2.852752027544409e+00  6.034749355134834e+01  2.414516015606105e-01
  1.124414744949865e+04  5.377087602759915e+09  4.017810074049866e-01
  3.482453277034208e-01  2.705858593089084e-01  6.037650694764310e-01
  1.187434550665761e-10  2.289261757369863e-10  2.382648938275254e-14
  3.633943905642500e-02  8.335881047646187e+01  6.719164456266929e-01
  4.678941645151517e+02  2.610193731463250e-08  1.194701030223264e-08
  1.473092819157521e-10  2.915295289938535e-09  9.852975061998740e+04
  1.011639907131071e+05  3.332181612286188e-05  9.841601902899193e-03
  2.151732316490763e+01  2.119916005189044e-02  4.154111685758408e-02
  2.732356106090325e-10  2.057596692313226e-10  6.390017441017085e-03
  2.589126180612041e-04  1.047011716016772e-02  1.147686005179941e-02
  6.736032680088970e-02  3.697276875205858e-02  3.038755804883113e-02
  2.464603164056755e+01  2.854548408818096e+02  2.863447614340981e+02
  2.863447614340981e+02  2.863447614340981e+02  6.031435274122309e+00
  3.850776556066097e-01  4.558327313551729e-11  9.294012577587858e-10
  1.335974003717234e-08  7.477764658987984e-10  1.767866168756670e-12
  1.130924249916308e-08  1.922733381421755e+08  2.042443911658586e+08
  1.268233799180473e+06  2.754285948821319e-10  5.857150348412525e-10
  1.894737805177830e-11  1.556431475397288e-11  3.000459890420403e-10
  1.685625926654014e-12]
