[ 3.834598132332196e+02  3.527610834644594e+03  2.331021765646456e-06
  3.125044789766305e-06  6.207777551145099e+00  7.971617462444916e-02
  5.897889929264392e+05  1.164058147448295e+04  1.746677856435060e+01
  2.097204192680521e-06  1.460494584327294e-06  1.216747831838538e-01
 -4.192587220867221e-09  5.482447063620306e-06  4.719961682683754e-06
 -1.136032661447817e-15 -2.674859122603144e-18 -3.690561397447656e-16
  2.672786776398972e-01  6.896174891283539e-02  7.632302728678371e-03
  5.634545302888432e-02  1.046830463768995e-01  3.830019356191139e-06
  1.330650833563859e-05  1.684331709280156e-06  3.968291723529310e+04
  6.568069590471106e+05  3.536050027129243e-04  5.165423383800361e-02
  2.507709890509394e-03  4.823990038967467e+01  2.428694642194960e+02
  4.282183583476907e+00  3.094620223929098e+02 -1.272301725523477e-02
  4.636853598719512e-09 -1.401155889336138e-03 -7.754699411250193e+00
  2.853644801956073e+00  6.034886098575711e+01  2.413557037193460e-01
  1.124414875855023e+04  5.354627501244446e+09  4.018147730741048e-01
  3.480815282239453e-01  2.710221059532600e-01  6.039593216365142e-01
  1.188638338163141e-10  2.288457390166640e-10  2.381709973769725e-14
  3.633981256956326e-02  8.337387336245615e+01  6.719160721135548e-01
  4.684816181778573e+02  2.598693566139708e-08  1.201007822345369e-08
  1.450299257199209e-10  2.947681284204159e-09  9.852974689943077e+04
  1.011639318670147e+05  3.332794027010924e-05  9.842149610293503e-03
  2.153613828195699e+01  2.119915693462832e-02  4.154096294573444e-02
  2.733108344478322e-10  2.051965940467327e-10  6.360734961168691e-03
  2.598937843044062e-04  1.045350058144703e-02  1.150959632177393e-02
  6.684792932538131e-02  3.682662904260332e-02  3.002130028277799e-02
  2.464587039110133e+01  2.854569009485946e+02  2.863475403076717e+02
  2.863475403076717e+02  2.863475403076717e+02  6.029486135221743e+00
  3.851936508944550e-01  4.553998902644212e-11  9.268685525805200e-10
  1.332686961566432e-08  7.471838143204961e-10  1.767769718850318e-12
  1.130387505333559e-08  1.920039790543088e+08  2.042247153230215e+08
  1.266564522273342e+06  2.752431634238667e-10  5.847674636501782e-10
  1.893836826788377e-11  1.554870829577862e-11  2.966355295457618e-10
  1.687420841962535e-12]
