[ 3.836198078126588e+02  3.430817692313339e+03  2.297072544302143e-06
  3.119823503259899e-06  6.209575542236916e+00  8.005195322606060e-02
  5.918419084744506e+05  1.164083133034225e+04  1.747152707187428e+01
  2.103705146394595e-06  1.471432497487536e-06  1.216083459427394e-01
 -4.208956337817030e-09  5.519685829090346e-06  4.691853337739323e-06
 -1.145144416049167e-15 -2.666361395293368e-18 -3.686916250255123e-16
  2.671075539886357e-01  6.899300975000153e-02  7.665778228010867e-03
  5.623771778202313e-02  1.049084897707944e-01  3.839027103550995e-06
  1.339152154194114e-05  1.691238290473383e-06  3.967154072704407e+04
  6.587067672668832e+05  3.567643086696944e-04  5.246997337727877e-02
  2.507723974741504e-03  4.824256225728907e+01  2.428694445561140e+02
  4.282380657450516e+00  3.094623580045973e+02 -1.283141242352312e-02
  4.648902128516891e-09 -1.401577174801241e-03 -7.778500344704399e+00
  2.855996305321704e+00  6.034549097674436e+01  2.413746169737448e-01
  1.124414955641322e+04  5.372084804581547e+09  4.021221978905734e-01
  3.484771699374963e-01  2.707865827713370e-01  6.045260934098374e-01
  1.188340689707547e-10  2.289538762026024e-10  2.384886278909988e-14
  3.633925951671640e-02  8.340052988420494e+01  6.719166251664016e-01
  4.680227892049551e+02  2.604301196757013e-08  1.196178198151754e-08
  1.499465613820868e-10  2.929662212549176e-09  9.852974821090285e+04
  1.011639257849271e+05  3.333866315770856e-05  9.841364871619155e-03
  2.151952393990061e+01  2.119879110749593e-02  4.154092827553982e-02
  2.731552245240285e-10  2.056940137120350e-10  6.359282684448847e-03
  2.708681573113312e-04  1.051023555672771e-02  1.141941790631555e-02
  6.725182731717738e-02  3.694390515507880e-02  3.030792216209856e-02
  2.464590707893883e+01  2.854555887133956e+02  2.863449130832745e+02
  2.863449130832745e+02  2.863449130832745e+02  6.029863829827049e+00
  3.850119631447005e-01  4.553093234473135e-11  9.268453376553961e-10
  1.330961258638019e-08  7.477413770233191e-10  1.769846660326672e-12
  1.130305618898345e-08  1.919724494858867e+08  2.042376912400979e+08
  1.266854754084437e+06  2.750542708951289e-10  5.855205620380319e-10
  1.897167092670714e-11  1.555731524683041e-11  2.980208069346450e-10
  1.682155309115659e-12]
