[ 3.867854439514642e+02  3.579438979846272e+03  2.308650538817662e-06
  3.113960025497243e-06  6.228191995263208e+00  8.047088160768530e-02
  5.953937562335961e+05  1.169153207103312e+04  1.747633246459018e+01
  2.119678092028324e-06  1.475969172700494e-06  1.216591666217811e-01
 -4.191242323074434e-09  5.493831802864405e-06  4.697782652015055e-06
 -1.132060750962297e-15 -2.673867287708272e-18 -3.648992578332912e-16
  2.671659832336271e-01  6.914178027579924e-02  7.694265342003580e-03
  5.654188197636808e-02  1.048908407629924e-01  3.856583043179712e-06
  1.328859793659335e-05  1.700001288049382e-06  3.978434637611792e+04
  6.603312256019231e+05  3.574105258259136e-04  5.278045966933081e-02
  2.507711268047400e-03  4.824065451307076e+01  2.428694199439444e+02
  4.282095340862369e+00  3.094586175063650e+02 -1.289854532164825e-02
  4.640993431421659e-09 -1.401488924648844e-03 -7.795794256772004e+00
  2.849963938719619e+00  6.034879692066009e+01  2.415334267180693e-01
  1.124415103190337e+04  5.392842051488506e+09  4.020080844902484e-01
  3.491926569620764e-01  2.705430441010714e-01  6.043729560468668e-01
  1.188596178067181e-10  2.289756355082855e-10  2.378294292486730e-14
  3.634002739936747e-02  8.338558372997785e+01  6.719158572837506e-01
  4.689032614801438e+02  2.605722548015187e-08  1.200488384252019e-08
  1.470270549836212e-10  2.937738678826764e-09  9.852974920423111e+04
  1.011639772148828e+05  3.333277908910479e-05  9.840571505785396e-03
  2.152047597296702e+01  2.120019083758168e-02  4.154106642662615e-02
  2.732730692788558e-10  2.057897212278435e-10  6.378471659200377e-03
  2.690111419055567e-04  1.057720190196675e-02  1.150484402639399e-02
  6.735058441649827e-02  3.710212386616860e-02  3.024846055032966e-02
  2.464588422122462e+01  2.854549047507281e+02  2.863439078345833e+02
  2.863439078345833e+02  2.863439078345833e+02  6.030437389842133e+00
  3.852615008035500e-01  4.553909115743611e-11  9.283085804813295e-10
  1.334234516338021e-08  7.473910233105252e-10  1.769037221517467e-12
  1.130571053622021e-08  1.920634556740116e+08  2.041524327382219e+08
  1.267512910242117e+06  2.751758050935526e-10  5.851482876077445e-10
  1.894666678320206e-11  1.555681479274044e-11  2.980821639345785e-10
  1.686576182248478e-12]
