[ 3.827426969699460e+02  3.565314207262838e+03  2.347964531729059e-06
  3.136548406321192e-06  6.217403495477935e+00  7.954146756527940e-02
  5.908954416345388e+05  1.166983263600181e+04  1.746576211846690e+01
  2.105193252462129e-06  1.454804072222793e-06  1.215965758717135e-01
 -4.201778518229315e-09  5.504896867585451e-06  4.717554574424337e-06
 -1.134677872204527e-15 -2.669840206306780e-18 -3.673255039110849e-16
  2.674600904984855e-01  6.899699343440716e-02  7.645012745035711e-03
  5.666889313035391e-02  1.049706161442665e-01  3.857515501135649e-06
  1.330312380773689e-05  1.694950365597459e-06  3.978407426426958e+04
  6.588834086299425e+05  3.576566554142662e-04  5.279637741676926e-02
  2.507722541317821e-03  4.824155136386572e+01  2.428694939643064e+02
  4.282283847004527e+00  3.094580477409939e+02 -1.278570619963500e-02
  4.635905295922670e-09 -1.400918740429097e-03 -7.763883048589345e+00
  2.852261060170304e+00  6.034986744035583e+01  2.414544525664495e-01
  1.124414752655641e+04  5.386428252262217e+09  4.019289597297039e-01
  3.482246036128154e-01  2.708628423710410e-01  6.039502300329103e-01
  1.187166959020148e-10  2.289013352762443e-10  2.384142601742521e-14
  3.633966499960420e-02  8.333607528990619e+01  6.719162196835138e-01
  4.684874003829814e+02  2.595088514499850e-08  1.210724981228908e-08
  1.460479140029070e-10  2.931401857337717e-09  9.852974814858726e+04
  1.011639670006356e+05  3.331287911230437e-05  9.842063107677660e-03
  2.150514674070722e+01  2.120006221953417e-02  4.154114367405574e-02
  2.732713424010800e-10  2.057457762068058e-10  6.396531434812777e-03
  2.877878428963974e-04  1.048482610089640e-02  1.145418027801749e-02
  6.705354789338729e-02  3.693834454183470e-02  3.011520335155258e-02
  2.464585151824092e+01  2.854556365900731e+02  2.863449233481896e+02
  2.863449233481896e+02  2.863449233481896e+02  6.029607044054831e+00
  3.846802629264358e-01  4.555054023727147e-11  9.286213314464616e-10
  1.335464113050464e-08  7.468321831560671e-10  1.768069914606684e-12
  1.129297963538583e-08  1.921362533286499e+08  2.039155266207542e+08
  1.266908012838165e+06  2.752831558212800e-10  5.844525929903559e-10
  1.894394403757809e-11  1.554693958733469e-11  2.990630512137884e-10
  1.685694016270438e-12]
