[ 3.839662252488059e+02  3.567466577814814e+03  2.301093315667548e-06
  3.115545009535674e-06  6.212305946425112e+00  7.980371705016760e-02
  5.923480536595464e+05  1.168645461675231e+04  1.747612194699835e+01
  2.098899111471132e-06  1.462422765842995e-06  1.216005199570032e-01
 -4.190023527843937e-09  5.484137277711457e-06  4.709449022327835e-06
 -1.135392919225364e-15 -2.667549861692622e-18 -3.684446932226569e-16
  2.669358061696371e-01  6.895181927862631e-02  7.655701974940632e-03
  5.648974278318982e-02  1.047492585507413e-01  3.818017554959554e-06
  1.327230686294491e-05  1.678516118710151e-06  3.989244344874215e+04
  6.624834237915855e+05  3.541021912190705e-04  5.181942209315560e-02
  2.507715964126250e-03  4.824181634027374e+01  2.428694143339957e+02
  4.282139147671413e+00  3.094655624004974e+02 -1.266235188685009e-02
  4.644497701767803e-09 -1.399827945048032e-03 -7.728938099370200e+00
  2.851004019158333e+00  6.034812132531837e+01  2.413708905827774e-01
  1.124414647272406e+04  5.427261605218364e+09  4.017370318513499e-01
  3.484898674563125e-01  2.707951440857161e-01  6.039485191781835e-01
  1.187678992002342e-10  2.289704841138055e-10  2.382208907624635e-14
  3.633923880433791e-02  8.340319859488359e+01  6.719166458787801e-01
  4.685919317739235e+02  2.587931790922145e-08  1.204044417155874e-08
  1.489518917651203e-10  2.928525304669079e-09  9.852975054342035e+04
  1.011639619387274e+05  3.333968864599970e-05  9.840792721481051e-03
  2.151785173928179e+01  2.119959654404380e-02  4.154114121276261e-02
  2.732621386937870e-10  2.053494167191001e-10  6.359888040963395e-03
  2.912132326522965e-04  1.058893033672667e-02  1.147122327347137e-02
  6.686811226468982e-02  3.675677223455057e-02  3.011134003013925e-02
  2.464637533351286e+01  2.854549213255049e+02  2.863452415064137e+02
  2.863452415064137e+02  2.863452415064137e+02  6.028278723905784e+00
  3.851812977308283e-01  4.556102314429682e-11  9.294236285367150e-10
  1.335487584900101e-08  7.478141896636750e-10  1.768165934812653e-12
  1.130656817307886e-08  1.919915464410059e+08  2.042773577478274e+08
  1.268298311122339e+06  2.754373251477460e-10  5.855832538885525e-10
  1.894728166264416e-11  1.556103059780942e-11  2.995449345145064e-10
  1.684094647257724e-12]
