[ 3.840844554954418e+02  3.576793978900363e+03  2.296144344023142e-06
  3.110661543716969e-06  6.208489641765181e+00  8.040810686145423e-02
  5.978008768605960e+05  1.165216420189824e+04  1.747309767552827e+01
  2.099389704745556e-06  1.473286246853788e-06  1.216315952155504e-01
 -4.203446219983140e-09  5.508814330870657e-06  4.719109807966208e-06
 -1.136642991086412e-15 -2.670447898837341e-18 -3.677262259628397e-16
  2.674932619433916e-01  6.891186660939996e-02  7.720334509722855e-03
  5.630298222118612e-02  1.047965937129778e-01  3.834073065009851e-06
  1.333099546451194e-05  1.685011387433613e-06  3.969916643116451e+04
  6.614044788092261e+05  3.591524095005921e-04  5.324697250116105e-02
  2.507663740417381e-03  4.824067784222570e+01  2.428694216689405e+02
  4.281940975488544e+00  3.094674889177779e+02 -1.270584096168986e-02
  4.646322787728989e-09 -1.401033077123711e-03 -7.748577712383830e+00
  2.851512107285519e+00  6.034315253779517e+01  2.413206150798355e-01
  1.124414774763893e+04  5.398679131554639e+09  4.019219683167365e-01
  3.483440551210906e-01  2.709244281519784e-01  6.046684827085144e-01
  1.189516107968894e-10  2.288785044204929e-10  2.381909070363452e-14
  3.633930512976374e-02  8.339244901429888e+01  6.719165795533543e-01
  4.678093175136278e+02  2.597887607014243e-08  1.196620940285530e-08
  1.447824279238904e-10  2.924725719251939e-09  9.852974622382197e+04
  1.011639330891768e+05  3.333532874313482e-05  9.841253261728357e-03
  2.153135239601313e+01  2.119871711714639e-02  4.154109851826197e-02
  2.731760279001864e-10  2.054896682875917e-10  6.384007655446505e-03
  2.706193982624347e-04  1.054418986036670e-02  1.147452298826375e-02
  6.710774432827696e-02  3.687011387291389e-02  3.023763045536308e-02
  2.464580884879782e+01  2.854573061411416e+02  2.863472265259563e+02
  2.863472265259563e+02  2.863472265259563e+02  6.030515400361111e+00
  3.854585270982490e-01  4.554780898144379e-11  9.277827949018821e-10
  1.333519981469732e-08  7.478068385919569e-10  1.770513120002972e-12
  1.130274594789618e-08  1.921342256470858e+08  2.042319359044075e+08
  1.267320587312086e+06  2.750957916294770e-10  5.849205179061646e-10
  1.894590794268257e-11  1.555335672205840e-11  2.983648354824250e-10
  1.680814362066432e-12]
