[ 3.814854182149496e+02  3.648361146070881e+03  2.320563678804403e-06
  3.116072046118620e-06  6.217927097940881e+00  7.952993370042602e-02
  5.903542635116029e+05  1.162758551231282e+04  1.747618993095522e+01
  2.101947144119095e-06  1.467002185016237e-06  1.216868768631292e-01
 -4.177443079753808e-09  5.453536100207040e-06  4.709700843585986e-06
 -1.134300002245652e-15 -2.667757827095642e-18 -3.689848478877907e-16
  2.675235347436311e-01  6.904193054849422e-02  7.616496496245493e-03
  5.669491242289566e-02  1.049855556094081e-01  3.826563580905986e-06
  1.332335983868326e-05  1.680963526288921e-06  3.962800378710064e+04
  6.579339865960742e+05  3.582216875817459e-04  5.291374925408569e-02
  2.507772458087824e-03  4.824202528400260e+01  2.428693837705527e+02
  4.282312491926395e+00  3.094602429640667e+02 -1.279069971948676e-02
  4.640884981157288e-09 -1.401063769433870e-03 -7.770810389886552e+00
  2.856516041562345e+00  6.034451613658955e+01  2.415067022655091e-01
  1.124414911240491e+04  5.379605378810718e+09  4.014755522588016e-01
  3.484889925430840e-01  2.707331676098618e-01  6.041403078372003e-01
  1.189228742246101e-10  2.289609888038280e-10  2.379622935037015e-14
  3.633968120135256e-02  8.337481537101070e+01  6.719162034817654e-01
  4.682399088353295e+02  2.591616023083071e-08  1.202060764857116e-08
  1.498244996732919e-10  2.929770356985479e-09  9.852974929339474e+04
  1.011639732874280e+05  3.332832624693219e-05  9.841907557300583e-03
  2.151541277014148e+01  2.119904398603347e-02  4.154115175259517e-02
  2.732762489475702e-10  2.058919222140311e-10  6.387333327758633e-03
  2.697579560194745e-04  1.046853905608665e-02  1.144595864632891e-02
  6.705024364390624e-02  3.684780768388039e-02  3.020243596002586e-02
  2.464612475615316e+01  2.854565484123813e+02  2.863461899138049e+02
  2.863461899138049e+02  2.863461899138049e+02  6.030505442112471e+00
  3.859152830007007e-01  4.554886950768512e-11  9.297317182688728e-10
  1.336701911217245e-08  7.481681246755959e-10  1.771254190047087e-12
  1.131139144504948e-08  1.919887397005356e+08  2.044496642980377e+08
  1.268822574137745e+06  2.751128956951897e-10  5.853937173218033e-10
  1.894291478688464e-11  1.556503646068969e-11  2.975212152926194e-10
  1.681804422651377e-12]
