[ 3.725091532244616e+02  3.589801770296619e+03  2.336534352318567e-06
  3.118854385626036e-06  6.205812910728955e+00  8.054209427506127e-02
  5.923342722424937e+05  1.164863687561329e+04  1.747904826187848e+01
  2.101710871087268e-06  1.470519681391356e-06  1.216029945582435e-01
 -4.187406446079893e-09  5.469953877069109e-06  4.694180772667767e-06
 -1.140670807858010e-15 -2.671809738700233e-18 -3.661054501600535e-16
  2.669282669307848e-01  6.890624817919305e-02  7.707119215672220e-03
  5.662091244092086e-02  1.045779514579996e-01  3.836680750437454e-06
  1.330845512526813e-05  1.681804020509988e-06  3.973668747248503e+04
  6.619309406781050e+05  3.568515737888274e-04  5.251206766140116e-02
  2.507776017505784e-03  4.824115584509656e+01  2.428693545323456e+02
  4.282241752825523e+00  3.094569301117093e+02 -1.277648610428010e-02
  4.647730010924184e-09 -1.401203046298999e-03 -7.759168725456379e+00
  2.852391705763480e+00  6.034230075763936e+01  2.415551219887468e-01
  1.124414669336561e+04  5.406009550440309e+09  4.015580462406321e-01
  3.484880662366782e-01  2.708138249513955e-01  6.038740631276255e-01
  1.187517128455364e-10  2.289478924540446e-10  2.388160214183886e-14
  3.633943886056495e-02  8.335418322394722e+01  6.719164458225532e-01
  4.683118130357090e+02  2.599302626550730e-08  1.198366414727147e-08
  1.526665531808180e-10  2.912819612804950e-09  9.852975049932326e+04
  1.011639645182776e+05  3.332023820316107e-05  9.841700226934634e-03
  2.149981323160668e+01  2.119937565356732e-02  4.154099798571136e-02
  2.732428117478347e-10  2.058607838821194e-10  6.398003632289078e-03
  2.530277846028452e-04  1.047132164345063e-02  1.150043561073740e-02
  6.716045592425915e-02  3.685753172442181e-02  3.030292419983734e-02
  2.464625336846914e+01  2.854554181028428e+02  2.863450055696993e+02
  2.863450055696993e+02  2.863450055696993e+02  6.029890949074995e+00
  3.858021573551508e-01  4.553062097816731e-11  9.270962935260408e-10
  1.332082135507307e-08  7.471913664041834e-10  1.768686358744684e-12
  1.129941218292568e-08  1.919916274786979e+08  2.042297314590423e+08
  1.266924487056541e+06  2.749347429813726e-10  5.851721755637021e-10
  1.896252733721532e-11  1.555525664518113e-11  2.986120678312170e-10
  1.683795496309582e-12]
