[ 3.863642374522719e+02  3.653023937916930e+03  2.321323922541590e-06
  3.129756110435662e-06  6.206180889009646e+00  8.116528338103317e-02
  5.965450331118499e+05  1.168146370402553e+04  1.747084149568882e+01
  2.094749170421611e-06  1.481277289020357e-06  1.216897543083343e-01
 -4.208469112824602e-09  5.517135754911199e-06  4.688850846421326e-06
 -1.138246323942230e-15 -2.667681080352779e-18 -3.666471371025116e-16
  2.677344959580716e-01  6.897010890437491e-02  7.769613334178171e-03
  5.648984208831918e-02  1.048108324830445e-01  3.838329966046896e-06
  1.336501234775874e-05  1.683036202607143e-06  3.983080553329943e+04
  6.608659832329410e+05  3.539856921397154e-04  5.183493516275531e-02
  2.507654504416838e-03  4.823950003953701e+01  2.428694392430163e+02
  4.282215596425503e+00  3.094585846398811e+02 -1.290675257516431e-02
  4.649525907030251e-09 -1.402052456348739e-03 -7.803209961009588e+00
  2.849763731427313e+00  6.034682023579659e+01  2.414104215810605e-01
  1.124415093801112e+04  5.384146288637686e+09  4.014962693571946e-01
  3.490915892022255e-01  2.703306700298238e-01  6.035525848210310e-01
  1.188025690738497e-10  2.287066955544179e-10  2.376492345006701e-14
  3.633923911812062e-02  8.336578584516252e+01  6.719166455649974e-01
  4.681927263927946e+02  2.601298609858481e-08  1.195489897664020e-08
  1.442047421750694e-10  2.926256460539821e-09  9.852974249873970e+04
  1.011639601740504e+05  3.332481278773172e-05  9.840794627313777e-03
  2.152090413520856e+01  2.119948297047169e-02  4.154099865285867e-02
  2.733713519480979e-10  2.054871835604988e-10  6.384305151786143e-03
  2.640476969591033e-04  1.055893359783508e-02  1.139455173262759e-02
  6.713462179229715e-02  3.687007697363695e-02  3.026454481866020e-02
  2.464542461392167e+01  2.854554035320339e+02  2.863456525713713e+02
  2.863456525713713e+02  2.863456525713713e+02  6.029246392103383e+00
  3.852500665791922e-01  4.550462816978463e-11  9.287124921076692e-10
  1.335386072379388e-08  7.470096510201653e-10  1.769172535734777e-12
  1.130546504102309e-08  1.919639354232193e+08  2.039845244198909e+08
  1.267425396953707e+06  2.748868786780111e-10  5.848568527567497e-10
  1.894546822305947e-11  1.555772758782013e-11  2.990723246324883e-10
  1.685005836750944e-12]
