[ 3.804630863739649e+02  3.532863231336406e+03  2.321612879209787e-06
  3.116512023999250e-06  6.205620463168965e+00  7.956582408505823e-02
  5.967034511884709e+05  1.163347262890493e+04  1.747177110227336e+01
  2.107576468424064e-06  1.468061855151761e-06  1.216731591970650e-01
 -4.199116370703998e-09  5.486893494424675e-06  4.711144821508455e-06
 -1.140598774671415e-15 -2.666473404274658e-18 -3.663030993132747e-16
  2.675361767092410e-01  6.887081850722004e-02  7.642038457549179e-03
  5.645281942113747e-02  1.050400509588953e-01  3.857959825439519e-06
  1.332804822633799e-05  1.690137205542723e-06  3.967190234020592e+04
  6.616037319414394e+05  3.569663579647081e-04  5.257516143504290e-02
  2.507737566255584e-03  4.824112999418912e+01  2.428694833418308e+02
  4.282181787290736e+00  3.094619262857360e+02 -1.282168248508457e-02
  4.642409656638905e-09 -1.401902209392451e-03 -7.778083269902940e+00
  2.850803924198702e+00  6.034489209345818e+01  2.414560426517461e-01
  1.124414724355044e+04  5.407300726194580e+09  4.021024982954496e-01
  3.486215812882361e-01  2.705700283346816e-01  6.042711559302276e-01
  1.187021629120627e-10  2.287485655963456e-10  2.377094303891673e-14
  3.633958661380489e-02  8.338145514913613e+01  6.719162980693132e-01
  4.686284993526821e+02  2.611343652262639e-08  1.198920849355390e-08
  1.465425395013122e-10  2.915934239624313e-09  9.852975075611753e+04
  1.011639327063104e+05  3.333099289879374e-05  9.842620142806022e-03
  2.151404119072583e+01  2.120004331384026e-02  4.154106473408732e-02
  2.732684671380223e-10  2.054241986190744e-10  6.371375014154490e-03
  2.599612349209235e-04  1.051273942446134e-02  1.146021954512105e-02
  6.725496852998794e-02  3.701693611183127e-02  3.023803241815667e-02
  2.464601575886305e+01  2.854559417194560e+02  2.863453819212380e+02
  2.863453819212380e+02  2.863453819212380e+02  6.030434181114601e+00
  3.855078939126635e-01  4.553835015800177e-11  9.289510287229634e-10
  1.335457214445038e-08  7.473032322376351e-10  1.767771706030020e-12
  1.129990448213371e-08  1.919919648759359e+08  2.042214862735219e+08
  1.267685501537754e+06  2.750779219963619e-10  5.850609149671079e-10
  1.894489615371592e-11  1.555275357734211e-11  2.998735742034972e-10
  1.683778188540823e-12]
