[ 3.818118120993075e+02  3.480203521671685e+03  2.315319454628999e-06
  3.135591753355267e-06  6.197735052696703e+00  8.060985828577408e-02
  6.023356942023071e+05  1.164678128342610e+04  1.746484062309061e+01
  2.102187255913373e-06  1.477297261076398e-06  1.215657367333727e-01
 -4.200839632377178e-09  5.505133300412379e-06  4.679415761210310e-06
 -1.131408141765091e-15 -2.670387652929406e-18 -3.664957323813282e-16
  2.672139702179543e-01  6.881969995971333e-02  7.738347077113942e-03
  5.640130732263703e-02  1.047489501004759e-01  3.845396172242626e-06
  1.331081720139750e-05  1.685503880853689e-06  3.968260624939874e+04
  6.653428732798802e+05  3.561525946308772e-04  5.234630740785178e-02
  2.507729403355253e-03  4.824379215789025e+01  2.428693222553978e+02
  4.282005760628651e+00  3.094688560258081e+02 -1.283672373383222e-02
  4.652791043119993e-09 -1.401584758168428e-03 -7.786434798770343e+00
  2.848690602626271e+00  6.034795394938617e+01  2.413652656658636e-01
  1.124414768858403e+04  5.437139404218378e+09  4.015375876412298e-01
  3.478639438405495e-01  2.705385002644022e-01  6.036012966897941e-01
  1.189122701593561e-10  2.288062440760275e-10  2.379237801267265e-14
  3.633955731897853e-02  8.331666512015138e+01  6.719163273641395e-01
  4.677076058412575e+02  2.601278838515214e-08  1.199845945983509e-08
  1.499637133842370e-10  2.928431680996680e-09  9.852974332148558e+04
  1.011639759046981e+05  3.330508817232377e-05  9.842740324793767e-03
  2.149613401222263e+01  2.119925057072006e-02  4.154105216642603e-02
  2.732920971093066e-10  2.057899865793890e-10  6.386642587918148e-03
  2.825534114670814e-04  1.059715781264860e-02  1.145345655264680e-02
  6.714543230433666e-02  3.689809359903730e-02  3.024733870529936e-02
  2.464546041965647e+01  2.854541481638961e+02  2.863435951945546e+02
  2.863435951945546e+02  2.863435951945546e+02  6.028877949537796e+00
  3.854669689796025e-01  4.548655180410545e-11  9.298622405496407e-10
  1.336772494211717e-08  7.473101139834139e-10  1.769380841784529e-12
  1.130051913010426e-08  1.919497707193632e+08  2.041769592370328e+08
  1.267750010529387e+06  2.747649435765519e-10  5.844660620128888e-10
  1.893444858394328e-11  1.554793017083863e-11  2.983716862454394e-10
  1.684007854723339e-12]
