[ 3.899729612112565e+02  3.624242435182156e+03  2.309679002824202e-06
  3.116729454351644e-06  6.213612660360216e+00  7.998601320194387e-02
  5.915603961478559e+05  1.167291651058492e+04  1.747162539295016e+01
  2.106847947502441e-06  1.466386877890875e-06  1.216106403216001e-01
 -4.192844078220352e-09  5.492052354336397e-06  4.708171640246847e-06
 -1.134343850408122e-15 -2.668116498872698e-18 -3.687692195537512e-16
  2.674624866209532e-01  6.898926379083790e-02  7.643736890390257e-03
  5.683645239596061e-02  1.049534598997237e-01  3.845621957527895e-06
  1.329962473661593e-05  1.690597869436013e-06  3.977727409713146e+04
  6.595907299138415e+05  3.578977858762469e-04  5.287258243248225e-02
  2.507648382090831e-03  4.824192420542526e+01  2.428694688273509e+02
  4.282191567970787e+00  3.094612013202221e+02 -1.275599056935627e-02
  4.639753058634614e-09 -1.401301541872192e-03 -7.763948484429524e+00
  2.854527353172571e+00  6.035050507187109e+01  2.414157663956396e-01
  1.124415181003367e+04  5.385792896148352e+09  4.023607735384185e-01
  3.477589720700959e-01  2.706427528178680e-01  6.042472035238239e-01
  1.187391858594538e-10  2.288774972723237e-10  2.384990266667236e-14
  3.633921055819478e-02  8.342101133585555e+01  6.719166741249233e-01
  4.693046437186293e+02  2.595574143795536e-08  1.202938727532546e-08
  1.492899050921239e-10  2.919403041828703e-09  9.852974651525606e+04
  1.011639254378522e+05  3.334690275075277e-05  9.840295381749093e-03
  2.152450629976466e+01  2.119946534142357e-02  4.154110606298052e-02
  2.733398224674473e-10  2.061706061648435e-10  6.409749505833569e-03
  2.837764312078098e-04  1.050344104340503e-02  1.147685463531633e-02
  6.706340463652539e-02  3.698109319341827e-02  3.008231144310713e-02
  2.464574763968408e+01  2.854547687764922e+02  2.863431588773309e+02
  2.863431588773309e+02  2.863431588773309e+02  6.030191170049850e+00
  3.854021666724767e-01  4.556354372626434e-11  9.277908677963848e-10
  1.332414006242980e-08  7.473723384524712e-10  1.768761784976454e-12
  1.130411016939969e-08  1.920085948795433e+08  2.040754212086023e+08
  1.267311290582831e+06  2.753656560192101e-10  5.849854055759039e-10
  1.895442730585916e-11  1.555436031630264e-11  2.982813512818768e-10
  1.681820987162293e-12]
