[ 3.941585966144017e+02  3.481992507046052e+03  2.294327258207724e-06
  3.084374625925582e-06  6.224352557306048e+00  8.024294501590472e-02
  5.970050223372257e+05  1.164319846442310e+04  1.747016731422642e+01
  2.107945758918729e-06  1.471211111558027e-06  1.215941254800174e-01
 -4.173914140530176e-09  5.461621161152652e-06  4.697418254152453e-06
 -1.137048878178753e-15 -2.675563509360816e-18 -3.639443419456416e-16
  2.670678045451675e-01  6.896721725053359e-02  7.674440765184413e-03
  5.701466734118033e-02  1.048196168769980e-01  3.848219133886650e-06
  1.325528159717610e-05  1.695512249588877e-06  3.966537631269793e+04
  6.657434175784021e+05  3.568296908468529e-04  5.256058979952257e-02
  2.507688799563490e-03  4.824031680633160e+01  2.428694100505375e+02
  4.282126359297894e+00  3.094639225512420e+02 -1.273580186368672e-02
  4.648006853263995e-09 -1.401499145587810e-03 -7.753584060573714e+00
  2.852697923997285e+00  6.034667498081811e+01  2.414151691912990e-01
  1.124414911304152e+04  5.432050607576686e+09  4.014229731614196e-01
  3.484389186990803e-01  2.703987028555803e-01  6.038129562972649e-01
  1.186758510671135e-10  2.288836867263119e-10  2.388717340443533e-14
  3.633916101933588e-02  8.335742016713309e+01  6.719167236637822e-01
  4.691354577530469e+02  2.598000389383897e-08  1.194539288577534e-08
  1.475216457505339e-10  2.925211862514096e-09  9.852974430237628e+04
  1.011639522997478e+05  3.332144837634350e-05  9.841617563992671e-03
  2.152227840569075e+01  2.119963272091046e-02  4.154093284575826e-02
  2.733650570924139e-10  2.052649580500306e-10  6.378344815567235e-03
  2.790496337374306e-04  1.056585215674837e-02  1.146053797435439e-02
  6.718647980734233e-02  3.696885283837133e-02  3.021762696897098e-02
  2.464560300202073e+01  2.854544592576559e+02  2.863433993808668e+02
  2.863433993808668e+02  2.863433993808668e+02  6.029606789255016e+00
  3.854117427412989e-01  4.552104697059214e-11  9.282429907291314e-10
  1.332770415455516e-08  7.469034799185510e-10  1.769468867312626e-12
  1.129588529053505e-08  1.919924937528057e+08  2.043006558865452e+08
  1.266561231701469e+06  2.750041376789334e-10  5.847612455830627e-10
  1.894777405136665e-11  1.555126268761188e-11  2.993506954508803e-10
  1.687634914317686e-12]
