[ 3.923756628313144e+02  3.553543722327458e+03  2.316707131651687e-06
  3.122465059998312e-06  6.210539610272397e+00  8.003421008090086e-02
  5.918724231143297e+05  1.167546719564996e+04  1.747030646367448e+01
  2.098940783003471e-06  1.459639948810046e-06  1.216510038302370e-01
 -4.184826664948666e-09  5.486910063701854e-06  4.707900797833998e-06
 -1.142042741179635e-15 -2.671999230821970e-18 -3.660727039719199e-16
  2.670933166739095e-01  6.891796810936562e-02  7.670216523270267e-03
  5.647316417200897e-02  1.046562385239724e-01  3.837681089751831e-06
  1.324786666904974e-05  1.683102641252770e-06  3.983831633736296e+04
  6.614761241953974e+05  3.599140939450070e-04  5.344697088248969e-02
  2.507758973375019e-03  4.824040945702805e+01  2.428693505930183e+02
  4.282137451244185e+00  3.094631298485928e+02 -1.284924696194513e-02
  4.639815256043918e-09 -1.401848985600592e-03 -7.779504938077925e+00
  2.850662642750586e+00  6.033998240120655e+01  2.414392719740944e-01
  1.124414383762313e+04  5.386155232225901e+09  4.013135417611992e-01
  3.488685501273598e-01  2.705020456792791e-01  6.041450941914615e-01
  1.187235505489255e-10  2.288114314387141e-10  2.380154043042452e-14
  3.633962693706222e-02  8.338335490313082e+01  6.719162577460558e-01
  4.686157697236986e+02  2.596727868464678e-08  1.203848818942893e-08
  1.524237888576481e-10  2.931715079966481e-09  9.852974630843016e+04
  1.011639443304506e+05  3.333180932094282e-05  9.841685001223120e-03
  2.152186420046604e+01  2.119939117578822e-02  4.154106144397576e-02
  2.733790085079367e-10  2.062388622939997e-10  6.388342387276653e-03
  2.709385685150001e-04  1.056023923910303e-02  1.146689193363215e-02
  6.694094042734805e-02  3.686741904437105e-02  3.007352138297700e-02
  2.464592332767953e+01  2.854569491601094e+02  2.863476396238523e+02
  2.863476396238523e+02  2.863476396238523e+02  6.029699426102600e+00
  3.855082550240811e-01  4.551657028399284e-11  9.265656068635177e-10
  1.331506846082196e-08  7.474502696529187e-10  1.768814964343868e-12
  1.130450947210844e-08  1.919925917860206e+08  2.041749455385451e+08
  1.266726669470310e+06  2.750481069922839e-10  5.850988332660217e-10
  1.893975356282941e-11  1.555603604263961e-11  2.983482071197681e-10
  1.686360867456353e-12]
