[ 3.848683854047127e+02  3.639984767156070e+03  2.345348640885641e-06
  3.128032466048781e-06  6.203061050513898e+00  8.029985177401881e-02
  5.964921640621641e+05  1.164000401314144e+04  1.746905484049184e+01
  2.107319838485133e-06  1.469051270431740e-06  1.216712624283728e-01
 -4.176516204825448e-09  5.462123616356110e-06  4.717861220974492e-06
 -1.136216988509340e-15 -2.669599421131820e-18 -3.646474638463577e-16
  2.675208115878409e-01  6.892921323453553e-02  7.701456340951456e-03
  5.655674142444398e-02  1.048937687697856e-01  3.833689788354322e-06
  1.330516237640397e-05  1.678936338601666e-06  3.970821457072139e+04
  6.622120569562910e+05  3.565048828317027e-04  5.248812364795761e-02
  2.507697950237052e-03  4.824027282556618e+01  2.428694845508367e+02
  4.282177618687808e+00  3.094596944702207e+02 -1.270279370482697e-02
  4.633570873848405e-09 -1.399636500544877e-03 -7.741009782866106e+00
  2.851347590112383e+00  6.035157699217169e+01  2.415169363552993e-01
  1.124415093490249e+04  5.419382988928504e+09  4.016202832614179e-01
  3.477528903091602e-01  2.705804951542227e-01  6.033265007796762e-01
  1.186041419785762e-10  2.289424690415721e-10  2.378899435143604e-14
  3.633936261489626e-02  8.341478965809814e+01  6.719165220682217e-01
  4.684231212155242e+02  2.591198039128892e-08  1.198152903712506e-08
  1.486722463267192e-10  2.917681586359971e-09  9.852974612431743e+04
  1.011639479661307e+05  3.334431043722389e-05  9.841100997981403e-03
  2.151601315479295e+01  2.119865901441858e-02  4.154102985196334e-02
  2.732687843976463e-10  2.051593515023602e-10  6.383094334959479e-03
  2.802016108094967e-04  1.053128805214079e-02  1.147701443522813e-02
  6.706705139638040e-02  3.688274367638364e-02  3.018430771999677e-02
  2.464590088616846e+01  2.854557058305564e+02  2.863452013617585e+02
  2.863452013617585e+02  2.863452013617585e+02  6.030601054137526e+00
  3.854919608449431e-01  4.549636302131503e-11  9.303034667365930e-10
  1.337432845631974e-08  7.473675808023917e-10  1.767363525851265e-12
  1.130075656458255e-08  1.919429991828718e+08  2.039972305365761e+08
  1.268196635703672e+06  2.747741738558398e-10  5.855074514296138e-10
  1.895596626407991e-11  1.555692229326621e-11  2.980293296991050e-10
  1.681912216311264e-12]
