[ 3.814600959452401e+02  3.483153776227655e+03  2.330984246830075e-06
  3.120685792930961e-06  6.197260750297868e+00  7.969791774886580e-02
  5.904730939536586e+05  1.165980432433682e+04  1.747435832421096e+01
  2.102179013223985e-06  1.460742990821207e-06  1.215929124860045e-01
 -4.194804442433174e-09  5.503868330781080e-06  4.714779772286947e-06
 -1.138032073559565e-15 -2.666303624317237e-18 -3.670133814424880e-16
  2.672664073478508e-01  6.878810580426310e-02  7.636805929412752e-03
  5.668271653340527e-02  1.047144459190327e-01  3.828744984158038e-06
  1.326622897228791e-05  1.689266880918598e-06  3.975508259582098e+04
  6.581945785129968e+05  3.572432704050181e-04  5.254358012037203e-02
  2.507705482752816e-03  4.824160408587080e+01  2.428694476892295e+02
  4.282204115260612e+00  3.094626781365547e+02 -1.266796460041167e-02
  4.639906555505709e-09 -1.401276066480494e-03 -7.738145874895268e+00
  2.847150418346024e+00  6.035613689626705e+01  2.414111820119946e-01
  1.124415176237087e+04  5.374083185830208e+09  4.019552634746866e-01
  3.486692166172314e-01  2.707549709573853e-01  6.044672320542694e-01
  1.188700376666785e-10  2.289336396629552e-10  2.384864068553773e-14
  3.633921771300364e-02  8.334159056633641e+01  6.719166669701143e-01
  4.680426323520206e+02  2.600481237208133e-08  1.198565175517294e-08
  1.515829507399795e-10  2.924052996769160e-09  9.852974449743424e+04
  1.011639443765909e+05  3.331520007191799e-05  9.842232674814867e-03
  2.154004275555983e+01  2.120006565535339e-02  4.154103556711093e-02
  2.731865054021800e-10  2.055097050694720e-10  6.390554548539202e-03
  2.492744940480812e-04  1.050387502304775e-02  1.148869336557053e-02
  6.701836938629253e-02  3.691639978413574e-02  3.010196960215679e-02
  2.464545661430155e+01  2.854544958764729e+02  2.863451588471425e+02
  2.863451588471425e+02  2.863451588471425e+02  6.029333929477940e+00
  3.854593694586596e-01  4.554896541800169e-11  9.279314563017930e-10
  1.332912607605989e-08  7.475336189979416e-10  1.769604165934890e-12
  1.130926407409274e-08  1.919977495697449e+08  2.039418744636072e+08
  1.267657820331906e+06  2.752692115940436e-10  5.851281119665014e-10
  1.893508588243180e-11  1.556057103543262e-11  2.985233036288382e-10
  1.683946560416680e-12]
