[ 3.840747645314224e+02  3.817945931617887e+03  2.364441121980667e-06
  3.147869120943823e-06  6.198045601819919e+00  8.008409073539795e-02
  5.910607670561608e+05  1.165749897217931e+04  1.747097884916339e+01
  2.101679299424306e-06  1.463454128729087e-06  1.215654840259386e-01
 -4.189244583223872e-09  5.482730968480009e-06  4.715241314691996e-06
 -1.134725099489994e-15 -2.664965376441542e-18 -3.683779416471345e-16
  2.672827081242742e-01  6.885185712737879e-02  7.669929014608073e-03
  5.658041612144000e-02  1.047589069906717e-01  3.849386436781101e-06
  1.329643658805116e-05  1.687791208936446e-06  3.974660626304875e+04
  6.597256650235510e+05  3.613151022803008e-04  5.380486780372343e-02
  2.507720691759701e-03  4.824177712202663e+01  2.428693947605659e+02
  4.281967910812296e+00  3.094620997216043e+02 -1.277049696881766e-02
  4.640605942387455e-09 -1.400984348597247e-03 -7.765863231058296e+00
  2.853870578610748e+00  6.034501823141671e+01  2.415049091982796e-01
  1.124414878093712e+04  5.378756392316678e+09  4.015072669846318e-01
  3.485772173793319e-01  2.705072294746246e-01  6.038026127990310e-01
  1.190140629110042e-10  2.288515430206512e-10  2.375727116026739e-14
  3.633972097968831e-02  8.336272398218634e+01  6.719161637034297e-01
  4.680304235765071e+02  2.595179029671310e-08  1.200000706670991e-08
  1.471153621992166e-10  2.925369526612022e-09  9.852974224582028e+04
  1.011639815993080e+05  3.332362592287294e-05  9.842450689398593e-03
  2.153155093711939e+01  2.119976638069666e-02  4.154112577883533e-02
  2.731650265528134e-10  2.053737218636038e-10  6.345124560793251e-03
  2.615907784955861e-04  1.050703587068849e-02  1.150905612358545e-02
  6.708628898603526e-02  3.696014241363796e-02  3.012614657239730e-02
  2.464552988290087e+01  2.854555954575817e+02  2.863474286490422e+02
  2.863474286490422e+02  2.863474286490422e+02  6.031043139779293e+00
  3.854905480577850e-01  4.555346614792506e-11  9.269145851184643e-10
  1.331507299856157e-08  7.473930149828527e-10  1.767927759161821e-12
  1.130296390865435e-08  1.922254474061924e+08  2.039231430065698e+08
  1.266970002975881e+06  2.752663927649851e-10  5.850829632597151e-10
  1.893431454612356e-11  1.555622519560020e-11  2.994016260494672e-10
  1.687138997304960e-12]
