[ 3.901784923438773e+02  3.486242646355952e+03  2.331850123495328e-06
  3.148098760685584e-06  6.205557150423896e+00  7.970238371099019e-02
  5.916524505553502e+05  1.164722891657956e+04  1.747314056768518e+01
  2.113046551309489e-06  1.464724173878793e-06  1.216475495200758e-01
 -4.180654729833700e-09  5.462753946796463e-06  4.725784640784818e-06
 -1.137841168052750e-15 -2.676455358024303e-18 -3.669512246057611e-16
  2.670684742601670e-01  6.888960498497741e-02  7.634647080206043e-03
  5.652616556196800e-02  1.048924968534121e-01  3.842788112117322e-06
  1.326914937762042e-05  1.691912354917159e-06  3.970671190724864e+04
  6.588986567947690e+05  3.604282115463727e-04  5.359219034430925e-02
  2.507739491810121e-03  4.824278483016322e+01  2.428694359012943e+02
  4.282270571466444e+00  3.094584772010332e+02 -1.279532436788209e-02
  4.647958251086931e-09 -1.402041151918310e-03 -7.773133322342310e+00
  2.853515587510307e+00  6.034581537721822e+01  2.415051047376903e-01
  1.124414902978518e+04  5.384035544853402e+09  4.015605051550997e-01
  3.482544919670038e-01  2.705471599346588e-01  6.036362007911797e-01
  1.190754901550095e-10  2.288411822892934e-10  2.376646883646323e-14
  3.633947944670798e-02  8.344446463324734e+01  6.719164052364101e-01
  4.685964887873126e+02  2.591267379838458e-08  1.202297701031572e-08
  1.455697287102994e-10  2.943995697839394e-09  9.852974470966536e+04
  1.011639369361654e+05  3.335619020446701e-05  9.841912049758466e-03
  2.157830623317854e+01  2.119920248596693e-02  4.154103807814589e-02
  2.731816846090797e-10  2.056885204593973e-10  6.382437482323800e-03
  2.645896000192018e-04  1.048527028923185e-02  1.143537134934896e-02
  6.718579260670643e-02  3.701491907505684e-02  3.017087353164959e-02
  2.464574589136278e+01  2.854565411221245e+02  2.863480486347322e+02
  2.863480486347322e+02  2.863480486347322e+02  6.031860386542734e+00
  3.853766664492762e-01  4.549703109264243e-11  9.295129672720059e-10
  1.336601363083696e-08  7.474669693556202e-10  1.771739048963858e-12
  1.130161778620954e-08  1.919058872122754e+08  2.042041928709758e+08
  1.267817431121381e+06  2.748907556853164e-10  5.850340012898933e-10
  1.895144833783641e-11  1.555234676644147e-11  2.983361213977878e-10
  1.680305177628476e-12]
