[ 3.902249504569768e+02  3.501493644421353e+03  2.328263192223071e-06
  3.124020627282605e-06  6.195337861652011e+00  7.989365584586408e-02
  5.935896435646293e+05  1.166523884570837e+04  1.747055870333516e+01
  2.107175101810061e-06  1.467671297383157e-06  1.216434956714199e-01
 -4.195953465218751e-09  5.499004872629290e-06  4.703830024828472e-06
 -1.142227145213296e-15 -2.680955126241930e-18 -3.674765887437553e-16
  2.673060101953036e-01  6.884271866440338e-02  7.655189665974344e-03
  5.639109147530139e-02  1.044228428906191e-01  3.834621712310152e-06
  1.330093478997934e-05  1.687896448152143e-06  3.976028615270657e+04
  6.591555588055493e+05  3.579091622594395e-04  5.285185958665949e-02
  2.507710824897898e-03  4.824146497516470e+01  2.428694388390605e+02
  4.282210422975552e+00  3.094579791165291e+02 -1.280559314413057e-02
  4.652862264762120e-09 -1.400124706240902e-03 -7.770695530862430e+00
  2.851667715601585e+00  6.034876591005953e+01  2.414375795404043e-01
  1.124414961287890e+04  5.397703477335003e+09  4.020040409794198e-01
  3.481371251598904e-01  2.705969842699816e-01  6.038771726808034e-01
  1.188098598489342e-10  2.289249287563662e-10  2.380546149033782e-14
  3.633919110229096e-02  8.336220981952998e+01  6.719166935808271e-01
  4.680283921404649e+02  2.612114980416085e-08  1.190151990738239e-08
  1.504361438407561e-10  2.929477537703075e-09  9.852974405361316e+04
  1.011639412131910e+05  3.332324158188102e-05  9.841422374946410e-03
  2.152368670438226e+01  2.119959654337880e-02  4.154107843112190e-02
  2.734137344452292e-10  2.053581784722263e-10  6.380114365232269e-03
  2.599226303132374e-04  1.052049205284827e-02  1.145508908527515e-02
  6.727912875319730e-02  3.701280425220226e-02  3.026632450099505e-02
  2.464543201760902e+01  2.854555858856751e+02  2.863451984036338e+02
  2.863451984036338e+02  2.863451984036338e+02  6.029517857930666e+00
  3.854517054982378e-01  4.551729288737897e-11  9.291658402515872e-10
  1.335154763107601e-08  7.477220435833538e-10  1.768374226006492e-12
  1.130473498073686e-08  1.919418375934346e+08  2.043079915199482e+08
  1.268041661630503e+06  2.748922459941338e-10  5.849594438282783e-10
  1.894017721994048e-11  1.555904241899156e-11  2.999522899372108e-10
  1.687332039295819e-12]
