[ 3.898937118447732e+02  3.686848119281813e+03  2.349464813120715e-06
  3.144250711091253e-06  6.203889738693784e+00  7.949995692581556e-02
  5.955257827937155e+05  1.167311216664807e+04  1.747170454212079e+01
  2.102094315522938e-06  1.461902906242333e-06  1.215680556833331e-01
 -4.179952573684599e-09  5.461342930959992e-06  4.708630890093164e-06
 -1.134296573566317e-15 -2.667018856658601e-18 -3.673691650184501e-16
  2.670989747859600e-01  6.889297126974604e-02  7.640315919520507e-03
  5.660094933123572e-02  1.048835519113619e-01  3.844129105374889e-06
  1.327614023183737e-05  1.691435084574619e-06  3.974670614429529e+04
  6.585552245899488e+05  3.568749205022195e-04  5.267730412084561e-02
  2.507709212931394e-03  4.824069691951266e+01  2.428693723727401e+02
  4.282417243963510e+00  3.094687470777500e+02 -1.280396146970712e-02
  4.651528810706209e-09 -1.400783901202469e-03 -7.769575022466948e+00
  2.850949495988647e+00  6.034838802473144e+01  2.413568389927168e-01
  1.124414554306207e+04  5.385317826780144e+09  4.013030855098221e-01
  3.481350617796984e-01  2.706504743289267e-01  6.037500095605176e-01
  1.188189572670217e-10  2.288747569036782e-10  2.383125732214658e-14
  3.633963830121351e-02  8.339702550312876e+01  6.719162463819045e-01
  4.675715802047882e+02  2.596505434467292e-08  1.201156577141540e-08
  1.485380321790625e-10  2.943495484397998e-09  9.852974869980189e+04
  1.011639627781282e+05  3.333742241297609e-05  9.841188730985299e-03
  2.157037546849563e+01  2.119934961861013e-02  4.154104828608103e-02
  2.731389880841217e-10  2.055128420417677e-10  6.411575713151776e-03
  2.757689853206437e-04  1.053903589845256e-02  1.144773862254146e-02
  6.700997589950068e-02  3.695137049072431e-02  3.005860540877637e-02
  2.464609469054810e+01  2.854551349719331e+02  2.863462308663153e+02
  2.863462308663153e+02  2.863462308663153e+02  6.030281183588569e+00
  3.857676445938521e-01  4.552359887880887e-11  9.296617856153478e-10
  1.335961341746444e-08  7.471110382003146e-10  1.767984504513130e-12
  1.129709649247321e-08  1.920863544091163e+08  2.040307663344589e+08
  1.267648355946352e+06  2.751757930342112e-10  5.848214823742375e-10
  1.894814096232298e-11  1.554432060966464e-11  2.991293727925946e-10
  1.685492602601456e-12]
