[ 4.073252064354340e+02  3.661652525490373e+03  2.317184416730560e-06
  3.119505639883275e-06  6.207740588646084e+00  7.984901369971530e-02
  5.931369255344282e+05  1.161395573923758e+04  1.747594791178490e+01
  2.106173271914184e-06  1.474057219097608e-06  1.216076713940685e-01
 -4.193084485666766e-09  5.497864044132688e-06  4.698724206573204e-06
 -1.138698733410563e-15 -2.665926666169336e-18 -3.650502609342498e-16
  2.670758153396842e-01  6.891000070504923e-02  7.639093548753498e-03
  5.646669671412888e-02  1.048925523641412e-01  3.847087207050944e-06
  1.334050624902921e-05  1.689714333069165e-06  3.956967488495984e+04
  6.607250417587773e+05  3.595500792834999e-04  5.327268553609037e-02
  2.507670230003721e-03  4.824153960932991e+01  2.428693986186062e+02
  4.282247970927226e+00  3.094575645301019e+02 -1.270038132871861e-02
  4.638424780033003e-09 -1.400155677398376e-03 -7.741896272138313e+00
  2.851785847651321e+00  6.034514007002797e+01  2.413575549632037e-01
  1.124414696752929e+04  5.400326503237461e+09  4.013876242599513e-01
  3.481510728076376e-01  2.704140752703152e-01  6.029600517960854e-01
  1.187086860697760e-10  2.288543030762266e-10  2.373450047462513e-14
  3.633945282099476e-02  8.333591161744499e+01  6.719164318621232e-01
  4.684140090435239e+02  2.608661893782049e-08  1.190514912967255e-08
  1.496087076574735e-10  2.921284627511017e-09  9.852974971159878e+04
  1.011639902273448e+05  3.331275208078777e-05  9.840745874281914e-03
  2.151141010103519e+01  2.119928274275808e-02  4.154101364108913e-02
  2.730665859675507e-10  2.055249957105940e-10  6.403491496125206e-03
  2.531310047235399e-04  1.052245282666747e-02  1.148691922555790e-02
  6.727266676921885e-02  3.695089627378396e-02  3.032177049543490e-02
  2.464606609180245e+01  2.854544329585819e+02  2.863441367651346e+02
  2.863441367651346e+02  2.863441367651346e+02  6.028874964309680e+00
  3.854204405824188e-01  4.552672850852702e-11  9.281112773651960e-10
  1.334101286634091e-08  7.473222417382648e-10  1.768053222387188e-12
  1.129608824301026e-08  1.920123472281538e+08  2.042902707950277e+08
  1.267033226918470e+06  2.751337924291536e-10  5.857610507894317e-10
  1.893898959933367e-11  1.555979601596301e-11  2.985677058417526e-10
  1.686049290099456e-12]
