[ 3.772897190992431e+02  3.529307028676790e+03  2.300236766467981e-06
  3.105207398443000e-06  6.204872659897231e+00  8.004901025279669e-02
  5.973640385074355e+05  1.164075086813297e+04  1.748001573746486e+01
  2.111218061804568e-06  1.468596632141731e-06  1.215753762607505e-01
 -4.199366872991371e-09  5.504979275770084e-06  4.726288981230577e-06
 -1.133206118282623e-15 -2.666143334207926e-18 -3.666850934566982e-16
  2.670985735545439e-01  6.895962844662745e-02  7.684749035647176e-03
  5.631335510010745e-02  1.046996872009023e-01  3.863601299182411e-06
  1.331625173783826e-05  1.692011580655028e-06  3.966806180819247e+04
  6.612464804806405e+05  3.618280270983109e-04  5.386768893034441e-02
  2.507688122588271e-03  4.823937527724880e+01  2.428694679264726e+02
  4.282104576200228e+00  3.094611816804943e+02 -1.274387100464060e-02
  4.633031460340434e-09 -1.401847588294450e-03 -7.761799967264884e+00
  2.850031789953234e+00  6.034656011493812e+01  2.413974633796496e-01
  1.124414893496689e+04  5.403005418046665e+09  4.015402741914094e-01
  3.486535934484664e-01  2.704036875710711e-01  6.037496263618335e-01
  1.188026768797984e-10  2.289082750417715e-10  2.374119391852439e-14
  3.633947061982960e-02  8.339330150596828e+01  6.719164140632884e-01
  4.687562310646297e+02  2.594800146853079e-08  1.204994605217698e-08
  1.484158964097949e-10  2.932021136873122e-09  9.852974768170607e+04
  1.011639675689336e+05  3.333566490059142e-05  9.841801138941583e-03
  2.153294235616899e+01  2.120122960909574e-02  4.154102272655763e-02
  2.732162769961889e-10  2.055264322000478e-10  6.376624817504416e-03
  2.482973361127851e-04  1.053665205691677e-02  1.146029133149368e-02
  6.725588607784877e-02  3.707854923621394e-02  3.017733684163483e-02
  2.464581636527493e+01  2.854558785463332e+02  2.863465582501884e+02
  2.863465582501884e+02  2.863465582501884e+02  6.030863145177580e+00
  3.857343764010036e-01  4.554250888487108e-11  9.287317154368759e-10
  1.333795767091706e-08  7.472511021421500e-10  1.768757692449125e-12
  1.130245349270617e-08  1.920550056792841e+08  2.041319449035926e+08
  1.267578959746935e+06  2.753174689067097e-10  5.849725137121255e-10
  1.895504126273626e-11  1.555556924298132e-11  2.977289002293915e-10
  1.685960217103024e-12]
