[ 3.649573176625036e+02  3.672197026176166e+03  2.355321392388894e-06
  3.150933217459007e-06  6.213726332719593e+00  8.021397902887574e-02
  5.930270866655221e+05  1.160812650452544e+04  1.747380821583491e+01
  2.105443761922687e-06  1.461755423920491e-06  1.215741546704970e-01
 -4.191265670755358e-09  5.480161894105957e-06  4.708195031587310e-06
 -1.133560316714950e-15 -2.671226196908895e-18 -3.677459561486290e-16
  2.670772047595998e-01  6.891616865757778e-02  7.684263408134297e-03
  5.669204297112036e-02  1.049912830596529e-01  3.841784172053981e-06
  1.333643964194353e-05  1.688900846014101e-06  3.953630712192252e+04
  6.590655136255107e+05  3.593974105921483e-04  5.323757735451694e-02
  2.507725737928915e-03  4.824140958393544e+01  2.428693245646222e+02
  4.282097260815246e+00  3.094532033266196e+02 -1.268413763895754e-02
  4.648096062206687e-09 -1.399978903914127e-03 -7.735241555899850e+00
  2.851880116234301e+00  6.034341043513739e+01  2.415332474136002e-01
  1.124414204368938e+04  5.373439348033778e+09  4.019022543906261e-01
  3.486413320808842e-01  2.704342502863564e-01  6.042722781840641e-01
  1.187944607517219e-10  2.288013014899825e-10  2.383926024396908e-14
  3.633936015862033e-02  8.339214488550381e+01  6.719165245244978e-01
  4.684139450539024e+02  2.602235066536757e-08  1.199074387010703e-08
  1.459848397458697e-10  2.931732232627909e-09  9.852974954140278e+04
  1.011639155826613e+05  3.333519379184835e-05  9.841798481688402e-03
  2.153497746836298e+01  2.119980189160928e-02  4.154101944743752e-02
  2.732768948014104e-10  2.057892104742114e-10  6.371571424682022e-03
  2.671304210752268e-04  1.053684649405934e-02  1.150848153864129e-02
  6.705019346663500e-02  3.690608508905928e-02  3.014410837757573e-02
  2.464614258439461e+01  2.854556452044486e+02  2.863462022179120e+02
  2.863462022179120e+02  2.863462022179120e+02  6.029829281132797e+00
  3.852741599567773e-01  4.553656982138711e-11  9.289053686955532e-10
  1.333500032463422e-08  7.476703169595726e-10  1.768433512358807e-12
  1.130501487573307e-08  1.920583618089116e+08  2.040434220593226e+08
  1.267869240347503e+06  2.750003221137745e-10  5.854339664882095e-10
  1.895728331045628e-11  1.555416392911976e-11  2.983836537135962e-10
  1.684357729946442e-12]
