[ 3.785882487514031e+02  3.646284617585152e+03  2.320611324533507e-06
  3.115957760220337e-06  6.201977762735789e+00  7.987505168476687e-02
  5.959293054761630e+05  1.165895896238798e+04  1.747749334813024e+01
  2.097889800452923e-06  1.470811168649100e-06  1.215213756101678e-01
 -4.183360488313763e-09  5.464768275004468e-06  4.693806765163659e-06
 -1.133042014484813e-15 -2.665252322713545e-18 -3.666524910171131e-16
  2.675873828164176e-01  6.883628368240594e-02  7.669906017356608e-03
  5.676280266099001e-02  1.047749684477594e-01  3.836174899810936e-06
  1.335228681104263e-05  1.686230436786069e-06  3.977969525870741e+04
  6.602875823223745e+05  3.586622142846101e-04  5.298068805291851e-02
  2.507635964932893e-03  4.824006462160639e+01  2.428693478568509e+02
  4.282197966297320e+00  3.094647207668190e+02 -1.274076975614388e-02
  4.652942116383556e-09 -1.400244004658645e-03 -7.751749405998837e+00
  2.850021559685542e+00  6.034714820604430e+01  2.415196422995568e-01
  1.124414772140699e+04  5.384438872876002e+09  4.013684926497121e-01
  3.482422506162510e-01  2.705508331355829e-01  6.033696225625381e-01
  1.187584005622591e-10  2.288839607740187e-10  2.378979403279576e-14
  3.633922923773098e-02  8.339625412870713e+01  6.719166554453870e-01
  4.684121420602224e+02  2.601089149646903e-08  1.199006738315047e-08
  1.490031249479509e-10  2.938660887227337e-09  9.852974622784683e+04
  1.011639702804837e+05  3.333684040567568e-05  9.840451439685854e-03
  2.150088592116284e+01  2.120016805983938e-02  4.154095150384340e-02
  2.731290195344451e-10  2.059754841927853e-10  6.377898764365988e-03
  2.789434991486100e-04  1.049057169178927e-02  1.146377263665516e-02
  6.711464085226818e-02  3.684825292722624e-02  3.026638792504193e-02
  2.464576493141571e+01  2.854547711147909e+02  2.863441451706179e+02
  2.863441451706179e+02  2.863441451706179e+02  6.031080133720952e+00
  3.851715525133118e-01  4.558386794901897e-11  9.335123655088992e-10
  1.343493960680614e-08  7.475374663676661e-10  1.769707389281460e-12
  1.130074353933136e-08  1.922774582531683e+08  2.041111818209389e+08
  1.269483229374963e+06  2.755889322113879e-10  5.854024642943686e-10
  1.894769708077219e-11  1.555250742886412e-11  2.977235654444546e-10
  1.685216455498548e-12]
