[ 3.816592630232456e+02  3.653525799363240e+03  2.307806012300715e-06
  3.107105617524660e-06  6.203895784040720e+00  8.059427317853411e-02
  5.939864737005779e+05  1.162701280109429e+04  1.747367901192871e+01
  2.102806519080273e-06  1.468502924948094e-06  1.216346437229587e-01
 -4.192711436572049e-09  5.490409092579762e-06  4.721047800791440e-06
 -1.139774027773057e-15 -2.677064600179197e-18 -3.661655814546132e-16
  2.672135660085261e-01  6.890697008882646e-02  7.706833958486028e-03
  5.662093517985352e-02  1.046198809479516e-01  3.836071459196188e-06
  1.331060055706462e-05  1.685324376954055e-06  3.962776602877855e+04
  6.612199858593320e+05  3.575153072836033e-04  5.263710747942351e-02
  2.507735675635231e-03  4.824168039593338e+01  2.428693078415350e+02
  4.282161231579105e+00  3.094582621688043e+02 -1.267397093132719e-02
  4.632858443830354e-09 -1.400176371412344e-03 -7.736400832443354e+00
  2.853541277935355e+00  6.034650662270672e+01  2.414069174523785e-01
  1.124414706587632e+04  5.409818512975754e+09  4.016273367110563e-01
  3.484262203090613e-01  2.708613989749512e-01  6.036701093410186e-01
  1.188764043289217e-10  2.290033291832467e-10  2.377684323621450e-14
  3.633914820543592e-02  8.337039963619988e+01  6.719167364776821e-01
  4.686236111233793e+02  2.591260977043641e-08  1.196686355541799e-08
  1.527972824475849e-10  2.906112496099997e-09  9.852974857134841e+04
  1.011639658967430e+05  3.332647000030166e-05  9.841514063897626e-03
  2.153163748282071e+01  2.119898462969792e-02  4.154102752775782e-02
  2.731748428116607e-10  2.055860750628243e-10  6.355575131413623e-03
  2.717521691949442e-04  1.053081136181594e-02  1.148094608336053e-02
  6.706963721357248e-02  3.691662951765286e-02  3.015300769591962e-02
  2.464614716566494e+01  2.854553480260909e+02  2.863461798518282e+02
  2.863461798518282e+02  2.863461798518282e+02  6.029685176602719e+00
  3.850980355121666e-01  4.552499904191655e-11  9.276723257120515e-10
  1.332158977970124e-08  7.467422062258470e-10  1.768005183194750e-12
  1.129832213892520e-08  1.918463825916333e+08  2.042411566503204e+08
  1.266692232148450e+06  2.751535615117934e-10  5.848891713206489e-10
  1.894067369019260e-11  1.555453871795932e-11  2.979817489371189e-10
  1.687268378516879e-12]
