[ 3.921418192724675e+02  3.608969429633296e+03  2.333742619363263e-06
  3.132107417323617e-06  6.212499202756728e+00  8.005339780947193e-02
  5.933381008305161e+05  1.165633073916723e+04  1.747698551673049e+01
  2.106619398413313e-06  1.476263730505367e-06  1.216291057324281e-01
 -4.181351948640502e-09  5.461769584035902e-06  4.691220136541480e-06
 -1.134603505929215e-15 -2.663718711760580e-18 -3.666178972215214e-16
  2.672304080583361e-01  6.901783902101361e-02  7.653446723216256e-03
  5.667102722725732e-02  1.047171007453411e-01  3.830608575973186e-06
  1.330954937068699e-05  1.680363282289650e-06  3.976603958962668e+04
  6.602586404497706e+05  3.563525998604066e-04  5.234406470093981e-02
  2.507768636946377e-03  4.824288477339729e+01  2.428693498706751e+02
  4.282137626570184e+00  3.094554295055236e+02 -1.288821818452749e-02
  4.653908977527138e-09 -1.401790421943666e-03 -7.788249270442225e+00
  2.851755811093349e+00  6.034428940988696e+01  2.414217929496775e-01
  1.124414595342188e+04  5.394275175294394e+09  4.018249318193922e-01
  3.477828875456458e-01  2.705665742175341e-01  6.035279008109178e-01
  1.188068487435020e-10  2.289241440797767e-10  2.379579524736203e-14
  3.633927021732722e-02  8.330898185489713e+01  6.719166144657908e-01
  4.675758719242865e+02  2.587558240054478e-08  1.199006789955060e-08
  1.502319315402994e-10  2.928757222130153e-09  9.852974808424296e+04
  1.011639561521282e+05  3.330198840697071e-05  9.842400125530589e-03
  2.149138987144840e+01  2.119938942879977e-02  4.154105880990903e-02
  2.732096484331206e-10  2.059422609758790e-10  6.362265457989080e-03
  2.677573068996668e-04  1.053783561351784e-02  1.143018097856396e-02
  6.710354701965920e-02  3.685555800390756e-02  3.024798901575164e-02
  2.464607979321579e+01  2.854552610976119e+02  2.863445804437989e+02
  2.863445804437989e+02  2.863445804437989e+02  6.029278183946405e+00
  3.851645455645274e-01  4.551183763370045e-11  9.269776532548319e-10
  1.331537127918107e-08  7.472900967955339e-10  1.768848029206551e-12
  1.130203516681238e-08  1.919345752691067e+08  2.040757009864892e+08
  1.266934063009948e+06  2.749479889059698e-10  5.854051612236028e-10
  1.894486593198251e-11  1.556217930410646e-11  2.976550007355500e-10
  1.682812762005054e-12]
