[ 3.834979292833988e+02  3.483585393683896e+03  2.304559209277560e-06
  3.114204958017854e-06  6.206280353562581e+00  7.983942614865401e-02
  5.955865203749738e+05  1.168032305484264e+04  1.746960273982423e+01
  2.108189604206758e-06  1.467640079241479e-06  1.215779192349298e-01
 -4.208149979240410e-09  5.507336659951931e-06  4.683417961751631e-06
 -1.138041068556992e-15 -2.674611906720983e-18 -3.663934147840188e-16
  2.669501080957792e-01  6.885550999718948e-02  7.660737377944857e-03
  5.665839930779312e-02  1.050123459074365e-01  3.855922898583850e-06
  1.330398707591625e-05  1.692873976379727e-06  3.981241086575729e+04
  6.618873600549154e+05  3.567010515752522e-04  5.258043925108056e-02
  2.507712403318624e-03  4.824263405083349e+01  2.428693962969258e+02
  4.282131886395709e+00  3.094647563836415e+02 -1.279801774577417e-02
  4.656655189869226e-09 -1.403543392809197e-03 -7.780791531844825e+00
  2.854290156029654e+00  6.034763758438250e+01  2.413988675714373e-01
  1.124414947733891e+04  5.396866706013760e+09  4.016952107454202e-01
  3.483294863387717e-01  2.708803296197935e-01  6.038878106061710e-01
  1.187561123368235e-10  2.288474013310772e-10  2.381298050630461e-14
  3.633936014227455e-02  8.337551148853635e+01  6.719165245408435e-01
  4.687497380503116e+02  2.603074165326778e-08  1.195869369547575e-08
  1.486476228151071e-10  2.934393916474813e-09  9.852974638373600e+04
  1.011639231310655e+05  3.332872816980215e-05  9.841761958654509e-03
  2.150809215506253e+01  2.119827650957911e-02  4.154117934462676e-02
  2.731112022169736e-10  2.056518164224533e-10  6.370006188864540e-03
  2.788139770389826e-04  1.055640803930952e-02  1.147030719729270e-02
  6.732264582793315e-02  3.703299344797175e-02  3.028965237996140e-02
  2.464569613918836e+01  2.854558349657854e+02  2.863450259345071e+02
  2.863450259345071e+02  2.863450259345071e+02  6.030169637302241e+00
  3.856326394317490e-01  4.550567571864917e-11  9.281976890759863e-10
  1.333090766332235e-08  7.480777961061477e-10  1.771953769687887e-12
  1.131302220624820e-08  1.919477578152560e+08  2.040091847233603e+08
  1.268053714170244e+06  2.748879281098470e-10  5.853116947881612e-10
  1.894145993262325e-11  1.555456246866996e-11  2.964800478876629e-10
  1.684337807312752e-12]
