[ 3.860148607082987e+02  3.589530396480467e+03  2.330790864925650e-06
  3.123992618004790e-06  6.207463240329918e+00  8.042030883265890e-02
  5.903725698296517e+05  1.169947083133317e+04  1.746711323059588e+01
  2.100711233252639e-06  1.466390508069170e-06  1.216492509629293e-01
 -4.194488472293768e-09  5.493764136209309e-06  4.691978263760488e-06
 -1.137438177803297e-15 -2.665671519254671e-18 -3.683450299157022e-16
  2.671336108710571e-01  6.895060501885898e-02  7.696649937453949e-03
  5.656399687772457e-02  1.048263820513485e-01  3.833962252528565e-06
  1.334977756489830e-05  1.683884912739928e-06  3.990016547498042e+04
  6.568905340821774e+05  3.570828083792465e-04  5.263009639453940e-02
  2.507762490536803e-03  4.824246268278467e+01  2.428693222949099e+02
  4.282087452780204e+00  3.094667625132946e+02 -1.278552081148199e-02
  4.652877485147223e-09 -1.401066066916574e-03 -7.769663292808088e+00
  2.854105783034516e+00  6.034581626352937e+01  2.412961991818510e-01
  1.124414402786312e+04  5.357694197039770e+09  4.018112873796080e-01
  3.476451880572060e-01  2.709835930858997e-01  6.032177031093691e-01
  1.188171755065576e-10  2.289263627886906e-10  2.384491401802286e-14
  3.633922593382324e-02  8.339144169371558e+01  6.719166587492947e-01
  4.681653469093753e+02  2.595952948138028e-08  1.195360540313316e-08
  1.478852693881194e-10  2.931205987973578e-09  9.852974972707673e+04
  1.011639735993296e+05  3.333501420577218e-05  9.841710117889396e-03
  2.150596347931928e+01  2.120020251011359e-02  4.154116243369566e-02
  2.731368644690352e-10  2.050123951625059e-10  6.393002724565792e-03
  2.760156064065842e-04  1.051422101104670e-02  1.146056960275171e-02
  6.690990502209232e-02  3.682164498419558e-02  3.008826003789674e-02
  2.464623198664739e+01  2.854561402202056e+02  2.863456226565415e+02
  2.863456226565415e+02  2.863456226565415e+02  6.030345891047809e+00
  3.854558458677095e-01  4.552224776841833e-11  9.289411749373633e-10
  1.335027057988033e-08  7.473464543031815e-10  1.767276041885472e-12
  1.130501519882074e-08  1.919618979989603e+08  2.039697046501567e+08
  1.267461316057763e+06  2.751422396087781e-10  5.851952279358331e-10
  1.895654240531605e-11  1.555510739800618e-11  2.981233344850314e-10
  1.685300949090799e-12]
