[ 3.961573808435238e+02  3.435797413611161e+03  2.308363922642363e-06
  3.132639002247785e-06  6.230708122567109e+00  7.983405646796778e-02
  5.921402279134021e+05  1.167937441866936e+04  1.747141421559266e+01
  2.116924777668743e-06  1.464993658820006e-06  1.216937897416148e-01
 -4.200176461944092e-09  5.521412114256902e-06  4.704818762784394e-06
 -1.138214962851413e-15 -2.684450175238304e-18 -3.681499403464590e-16
  2.670454388306919e-01  6.909545209908691e-02  7.647547177266025e-03
  5.637764897495955e-02  1.051718403770046e-01  3.855042329986963e-06
  1.330497768878449e-05  1.697987135937423e-06  3.976397151854985e+04
  6.609427904775090e+05  3.567345379671864e-04  5.250987505178331e-02
  2.507692226198906e-03  4.824107438131138e+01  2.428694327977317e+02
  4.282118145857805e+00  3.094603160536669e+02 -1.286210059711918e-02
  4.630935568322015e-09 -1.402337865176521e-03 -7.791460750843142e+00
  2.854340580089365e+00  6.034326630990161e+01  2.415821394402001e-01
  1.124414842342683e+04  5.402678222068616e+09  4.020290189178047e-01
  3.492008699443334e-01  2.709453714026384e-01  6.046386508007646e-01
  1.187215348770134e-10  2.288164207448123e-10  2.385255947084086e-14
  3.633982363794630e-02  8.335030294092827e+01  6.719160610451717e-01
  4.692795960859486e+02  2.595547444035459e-08  1.203833848458740e-08
  1.496766078674709e-10  2.933119604671541e-09  9.852974523308172e+04
  1.011639723358955e+05  3.331849391204782e-05  9.841855088560112e-03
  2.149836182288464e+01  2.119987985711421e-02  4.154109992364237e-02
  2.732806488381753e-10  2.062349165537515e-10  6.354508886278865e-03
  2.450778664727119e-04  1.059161682068589e-02  1.140678265777037e-02
  6.726957402127007e-02  3.714760071226880e-02  3.012197330900127e-02
  2.464548164541526e+01  2.854555767388514e+02  2.863463153563951e+02
  2.863463153563951e+02  2.863463153563951e+02  6.030010703671591e+00
  3.849577926629664e-01  4.552129819929276e-11  9.308835103032033e-10
  1.338174755436189e-08  7.481579162040523e-10  1.770538545948686e-12
  1.130970030749697e-08  1.920218746971713e+08  2.040221350062498e+08
  1.269183760710867e+06  2.750227592125179e-10  5.844206459526779e-10
  1.893302862631960e-11  1.555801113135367e-11  2.994347460637586e-10
  1.686423404428517e-12]
