[ 3.849280884155956e+02  3.584635143726291e+03  2.333239454871905e-06
  3.139811098799257e-06  6.202229706999247e+00  8.020005375659509e-02
  5.931182653237347e+05  1.162102914612397e+04  1.747395366578858e+01
  2.101618216963923e-06  1.467437288023621e-06  1.216048494991160e-01
 -4.209407112512642e-09  5.524359298526629e-06  4.687645844947348e-06
 -1.134371948829368e-15 -2.676190203595470e-18 -3.669844194715186e-16
  2.675248063206753e-01  6.883772691957968e-02  7.693106538682524e-03
  5.647295713757106e-02  1.047521776771389e-01  3.835042399226835e-06
  1.334041734142220e-05  1.683000858559616e-06  3.964190750992867e+04
  6.565647287910243e+05  3.600083148145343e-04  5.341683553409354e-02
  2.507683437024144e-03  4.824325571551563e+01  2.428694121108978e+02
  4.282404805341950e+00  3.094676653046927e+02 -1.275054704451584e-02
  4.656085827194413e-09 -1.400232624682845e-03 -7.754011746751470e+00
  2.848757084977714e+00  6.035366145206063e+01  2.413498512016491e-01
  1.124415032747927e+04  5.363536056296434e+09  4.015199005850120e-01
  3.483170723737706e-01  2.708309437856234e-01  6.037960108844902e-01
  1.190611211600073e-10  2.289629828253711e-10  2.386135827311010e-14
  3.633946222027752e-02  8.335490568319067e+01  6.719164224628406e-01
  4.686114696643074e+02  2.600662400625887e-08  1.196174569285143e-08
  1.516036853838028e-10  2.922501284624682e-09  9.852974532439791e+04
  1.011639615922918e+05  3.332043029249870e-05  9.841772435221548e-03
  2.150900366400274e+01  2.119988160177957e-02  4.154093094137647e-02
  2.732739309738673e-10  2.055966014708104e-10  6.376355137647498e-03
  2.802155889842911e-04  1.046847759326985e-02  1.147399970241587e-02
  6.720112694917137e-02  3.691199609384182e-02  3.028913085532954e-02
  2.464565213526228e+01  2.854541961025777e+02  2.863437289388996e+02
  2.863437289388996e+02  2.863437289388996e+02  6.030394656860605e+00
  3.857411786271274e-01  4.553929346505360e-11  9.306002966141120e-10
  1.338074503992315e-08  7.482446267881667e-10  1.771454564903389e-12
  1.131115000965279e-08  1.920424209969496e+08  2.040875248293736e+08
  1.269047896512795e+06  2.750709835968270e-10  5.853687968459010e-10
  1.894065323896729e-11  1.556515509655305e-11  2.994135786826172e-10
  1.685403702243642e-12]
