[ 3.927460797177427e+02  3.530455693002511e+03  2.328572399788735e-06
  3.125287910287577e-06  6.202202812312698e+00  8.008888622943383e-02
  5.905662850146346e+05  1.169041435943401e+04  1.747489879640152e+01
  2.101804237844145e-06  1.462755105733001e-06  1.216554656741013e-01
 -4.201373061414529e-09  5.490291921361841e-06  4.730626013341324e-06
 -1.137553974797089e-15 -2.677845807324585e-18 -3.688134138736787e-16
  2.668720594972948e-01  6.891855858597012e-02  7.658509358982739e-03
  5.609921724703264e-02  1.046517151024111e-01  3.855392737467488e-06
  1.333891238532275e-05  1.696554383086906e-06  3.982673997960004e+04
  6.567331550041849e+05  3.548650287776221e-04  5.206055844914625e-02
  2.507750840662128e-03  4.824388223193602e+01  2.428693460292205e+02
  4.282288406498477e+00  3.094636962938495e+02 -1.277503046227642e-02
  4.634713678304898e-09 -1.400383105860574e-03 -7.764957757570802e+00
  2.848248372266414e+00  6.034477683267190e+01  2.414173887757221e-01
  1.124414752634705e+04  5.339313420979261e+09  4.019824365913812e-01
  3.483818872719153e-01  2.711486708526660e-01  6.042026928602564e-01
  1.188530150552024e-10  2.289688751587129e-10  2.380136846139718e-14
  3.633929117168585e-02  8.340585412876368e+01  6.719165935114322e-01
  4.688430552339481e+02  2.603244947178893e-08  1.201054898722918e-08
  1.458837409914535e-10  2.925862407068315e-09  9.852975074516221e+04
  1.011639481187141e+05  3.334075028601565e-05  9.842353992184558e-03
  2.158646435817552e+01  2.119891080366780e-02  4.154104555404367e-02
  2.732970626283157e-10  2.051800274136217e-10  6.382373822639517e-03
  2.559824892845163e-04  1.052168251638722e-02  1.148513552716925e-02
  6.708163847884435e-02  3.695191351365107e-02  3.012972496519328e-02
  2.464614504068894e+01  2.854568257620103e+02  2.863488650376787e+02
  2.863488650376787e+02  2.863488650376787e+02  6.030629233314778e+00
  3.856728345629052e-01  4.554822177273073e-11  9.297202952230469e-10
  1.336027910641677e-08  7.477586178881160e-10  1.769667073380020e-12
  1.130611373649895e-08  1.920567202895941e+08  2.041828152651985e+08
  1.268056576079013e+06  2.750726174074429e-10  5.857170570775145e-10
  1.896459251136632e-11  1.555574687599677e-11  2.976765154648707e-10
  1.680194471814007e-12]
