[ 3.791841611220148e+02  3.574822959437538e+03  2.351896333679267e-06
  3.140266554594302e-06  6.208185523307992e+00  7.957877456124916e-02
  5.920778661313120e+05  1.165033777721556e+04  1.747627417721427e+01
  2.107625148522379e-06  1.466511690943167e-06  1.216164401484086e-01
 -4.194206898190633e-09  5.486328373021643e-06  4.715379134928540e-06
 -1.136643004546318e-15 -2.668530851032056e-18 -3.684212727779911e-16
  2.670058733860088e-01  6.895091851371805e-02  7.620596056188922e-03
  5.673460673960906e-02  1.050159579993772e-01  3.827282502369823e-06
  1.334595528590701e-05  1.681347498439660e-06  3.970752804412830e+04
  6.611954120159977e+05  3.582408184602358e-04  5.294191784591106e-02
  2.507688056531684e-03  4.824160764005945e+01  2.428694028338174e+02
  4.282128487643601e+00  3.094596030331592e+02 -1.267957431045555e-02
  4.636802426447654e-09 -1.399866384473733e-03 -7.736848464690947e+00
  2.852488986684344e+00  6.034677211557737e+01  2.414777574974201e-01
  1.124415026898986e+04  5.393133970929855e+09  4.017823935466657e-01
  3.482824218148086e-01  2.707387918580115e-01  6.043025217721882e-01
  1.187960021751063e-10  2.290015159245290e-10  2.383242755751862e-14
  3.633981921291977e-02  8.338137581012305e+01  6.719160654701983e-01
  4.682746602439661e+02  2.594948519347511e-08  1.199637876268848e-08
  1.487850805756680e-10  2.905263896793918e-09  9.852974458362929e+04
  1.011639396732550e+05  3.333103860547705e-05  9.842486135932887e-03
  2.153028620515429e+01  2.119893244142981e-02  4.154112777000382e-02
  2.732299459255602e-10  2.059739336478701e-10  6.390259405207332e-03
  2.816433829912622e-04  1.049544964712803e-02  1.152276573580569e-02
  6.699278981811344e-02  3.686547271681270e-02  3.012731710130075e-02
  2.464563645943164e+01  2.854573577418067e+02  2.863477260523908e+02
  2.863477260523908e+02  2.863477260523908e+02  6.031042010436062e+00
  3.851279882646049e-01  4.549934422942303e-11  9.296007509802944e-10
  1.335297727862305e-08  7.479139499150587e-10  1.770070313219912e-12
  1.131173686283087e-08  1.919366223017998e+08  2.042209696588627e+08
  1.268373097320879e+06  2.749350984115676e-10  5.845770327672583e-10
  1.893329756876413e-11  1.555437479246625e-11  2.973807226376608e-10
  1.686499761893158e-12]
