[ 3.941349370550694e+02  3.434099131796354e+03  2.303654377903276e-06
  3.109386869914876e-06  6.206647252569328e+00  7.956654167492551e-02
  5.905374520977634e+05  1.166834393792596e+04  1.747226060987507e+01
  2.107397455859614e-06  1.462200167110902e-06  1.215813149598419e-01
 -4.190382058206788e-09  5.493016049073273e-06  4.700888317871174e-06
 -1.135730779386201e-15 -2.656471240964315e-18 -3.669206074398615e-16
  2.672185386885015e-01  6.887542429526200e-02  7.607984820368448e-03
  5.611275738820892e-02  1.047819221012818e-01  3.839389868167359e-06
  1.330701723734401e-05  1.688376983779542e-06  3.976217678306660e+04
  6.594399939048891e+05  3.560260283275548e-04  5.229047298137234e-02
  2.507750101523977e-03  4.824026734472717e+01  2.428694264073542e+02
  4.282120958612831e+00  3.094618059232969e+02 -1.260331682709982e-02
  4.647111750502981e-09 -1.401444652935090e-03 -7.727633826960539e+00
  2.853886832663059e+00  6.034496087688918e+01  2.412996821809837e-01
  1.124414714930823e+04  5.392965116627167e+09  4.018939975319998e-01
  3.474118693076645e-01  2.705497169195512e-01  6.033160642228190e-01
  1.188798234845354e-10  2.290678698721069e-10  2.382064811087459e-14
  3.633945642635438e-02  8.340968602397813e+01  6.719164282567637e-01
  4.682207212117274e+02  2.595094157809633e-08  1.204199473891193e-08
  1.514965389346570e-10  2.918972330517192e-09  9.852974972851267e+04
  1.011639098991694e+05  3.334246054284328e-05  9.841127348117526e-03
  2.151419888556422e+01  2.119961497272181e-02  4.154100200022963e-02
  2.733272721425374e-10  2.045454961957375e-10  6.378823787148005e-03
  2.897965006277117e-04  1.052517410686049e-02  1.146728491985667e-02
  6.705008488279769e-02  3.692551771973680e-02  3.012456716306088e-02
  2.464606012516742e+01  2.854570056429927e+02  2.863471098766423e+02
  2.863471098766423e+02  2.863471098766423e+02  6.030191378995671e+00
  3.850133470919104e-01  4.549654737491499e-11  9.273044155313984e-10
  1.332378209172732e-08  7.476704114928968e-10  1.770245808186395e-12
  1.131064947917493e-08  1.919124284190769e+08  2.039688493845357e+08
  1.267438526381742e+06  2.748255327838217e-10  5.844911384669740e-10
  1.893031229390146e-11  1.555083129004740e-11  2.971206085119717e-10
  1.683493208426603e-12]
