[ 4.066185801752250e+02  3.640242180146655e+03  2.280190417637079e-06
  3.092600226108016e-06  6.221845184080141e+00  7.957791212350941e-02
  5.948750092096913e+05  1.167686918002617e+04  1.747618319917916e+01
  2.102706771710169e-06  1.463456036522008e-06  1.216527825713195e-01
 -4.195493131714781e-09  5.499955674429233e-06  4.713538292474889e-06
 -1.141156624895724e-15 -2.682031080942435e-18 -3.654697622688963e-16
  2.670560798372128e-01  6.903542854787971e-02  7.644261931832251e-03
  5.638222856234692e-02  1.047159009903851e-01  3.845283668164676e-06
  1.335890890666875e-05  1.688346583195916e-06  3.980118993692089e+04
  6.623299102032977e+05  3.547111305066364e-04  5.197445680791755e-02
  2.507791722758750e-03  4.824170799420698e+01  2.428693824987254e+02
  4.282180480531793e+00  3.094663681858243e+02 -1.292566829355139e-02
  4.641750616104543e-09 -1.402342235059342e-03 -7.804938453539640e+00
  2.852104323170296e+00  6.034616657806529e+01  2.412213264235898e-01
  1.124414877376210e+04  5.410632863407243e+09  4.017586825120230e-01
  3.484431975396480e-01  2.704984375700838e-01  6.038659372079003e-01
  1.188805092081361e-10  2.289449522186672e-10  2.383239461964500e-14
  3.633894871927435e-02  8.335560238047172e+01  6.719169359638437e-01
  4.674910180946366e+02  2.600139656626240e-08  1.201407276552026e-08
  1.440939194378801e-10  2.930953865976045e-09  9.852974995929812e+04
  1.011639571495470e+05  3.332061524701540e-05  9.842715177344662e-03
  2.154495139588439e+01  2.120001043859362e-02  4.154101254216545e-02
  2.731776740308550e-10  2.058787199131676e-10  6.369198748473182e-03
  2.842144771382569e-04  1.043952271884938e-02  1.148268508475367e-02
  6.706753851870360e-02  3.693322699144325e-02  3.013431152726035e-02
  2.464613009337245e+01  2.854545850751033e+02  2.863454300508540e+02
  2.863454300508540e+02  2.863454300508540e+02  6.028224632541038e+00
  3.855984378649704e-01  4.556629732345546e-11  9.306800202330867e-10
  1.338547770210768e-08  7.473719474401461e-10  1.769729063307445e-12
  1.130137136778686e-08  1.921217322364801e+08  2.040837738058845e+08
  1.268325093002904e+06  2.754630803691100e-10  5.850138645392319e-10
  1.894141348331716e-11  1.555305586833346e-11  2.992697302740606e-10
  1.683813553455221e-12]
