[ 3.873237564463698e+02  3.607278010609544e+03  2.323687864521354e-06
  3.108128483497076e-06  6.207683699197831e+00  8.005759765756632e-02
  5.914544494395946e+05  1.169841044195086e+04  1.746846331287475e+01
  2.099440595249185e-06  1.466637902551436e-06  1.215247888689291e-01
 -4.197752385761204e-09  5.492936851727022e-06  4.711104626632369e-06
 -1.136914485161311e-15 -2.672075061189871e-18 -3.680457751959653e-16
  2.669601037911296e-01  6.889857172513396e-02  7.682642590980445e-03
  5.627662688866635e-02  1.047775802648590e-01  3.830128103025995e-06
  1.335341080608007e-05  1.678614778332553e-06  3.993086659268097e+04
  6.604478262400940e+05  3.572705426938932e-04  5.267513782017333e-02
  2.507672646592587e-03  4.823916709103906e+01  2.428694575538784e+02
  4.282184512712794e+00  3.094582559214035e+02 -1.275489169063675e-02
  4.640716390822530e-09 -1.400824028042006e-03 -7.752947575526986e+00
  2.852547698202681e+00  6.034767663694508e+01  2.415044545831519e-01
  1.124414835700401e+04  5.409034768352605e+09  4.013014932941968e-01
  3.492281903653071e-01  2.707075152088581e-01  6.040410679796044e-01
  1.188151949131857e-10  2.289441276182458e-10  2.381611803522105e-14
  3.633956918835762e-02  8.333957845800617e+01  6.719163154947604e-01
  4.684226633713192e+02  2.600019465981275e-08  1.207447246481925e-08
  1.508933911193552e-10  2.925717874764738e-09  9.852974407600102e+04
  1.011639302684187e+05  3.331419678556309e-05  9.842400070638501e-03
  2.150614472285671e+01  2.119876043646607e-02  4.154104828837119e-02
  2.732701527910580e-10  2.061119779207923e-10  6.356041495872244e-03
  2.463413069492283e-04  1.055532630336677e-02  1.147467768820927e-02
  6.705933099227175e-02  3.682322191429890e-02  3.023610907797285e-02
  2.464531175922920e+01  2.854556103232509e+02  2.863445948738455e+02
  2.863445948738455e+02  2.863445948738455e+02  6.029698921692874e+00
  3.850386631738208e-01  4.554246753004859e-11  9.272698092847979e-10
  1.332351360961928e-08  7.470483040629983e-10  1.768481603803604e-12
  1.129655722029136e-08  1.921428325496229e+08  2.044177675798938e+08
  1.266486415250240e+06  2.754011954710216e-10  5.845039555169832e-10
  1.895176502709066e-11  1.554783807681080e-11  2.988883172142424e-10
  1.686314661016606e-12]
