[ 3.983647871740063e+02  3.556915686992138e+03  2.306700071909752e-06
  3.126340858350760e-06  6.199661663935246e+00  8.042541418340997e-02
  5.998397404170464e+05  1.161634145656106e+04  1.747634004359838e+01
  2.099930961325937e-06  1.479685427308788e-06  1.216162697944195e-01
 -4.197836123551192e-09  5.497919578484428e-06  4.705511919112553e-06
 -1.139087811222668e-15 -2.672815110757777e-18 -3.674448822917101e-16
  2.673337545481544e-01  6.880654172523971e-02  7.715688244316079e-03
  5.617895539101377e-02  1.046458201569649e-01  3.834939089440735e-06
  1.331842166790967e-05  1.684106285728197e-06  3.959145049018704e+04
  6.660601853165732e+05  3.573066740389944e-04  5.272143260561035e-02
  2.507771822023275e-03  4.824288972757642e+01  2.428693021177822e+02
  4.282008220880612e+00  3.094565293438888e+02 -1.280251180235607e-02
  4.643805175220953e-09 -1.401129922900266e-03 -7.772541855686955e+00
  2.848571104147780e+00  6.034481690856720e+01  2.414453012596229e-01
  1.124414569926084e+04  5.434330129903646e+09  4.016516865569231e-01
  3.488285026643339e-01  2.707294641649352e-01  6.040668434868699e-01
  1.188531915139946e-10  2.289437253694187e-10  2.378173720322303e-14
  3.633959736694242e-02  8.340127523897544e+01  6.719162873161757e-01
  4.688087294679135e+02  2.603814893452374e-08  1.193766211169188e-08
  1.449600020352963e-10  2.908014306496878e-09  9.852974836222868e+04
  1.011639183025442e+05  3.333888759515678e-05  9.842268096604000e-03
  2.153399287301110e+01  2.119916746819110e-02  4.154106251614480e-02
  2.730850918354416e-10  2.059637202461284e-10  6.395989039441578e-03
  2.726764599037928e-04  1.045276496279623e-02  1.149751465911486e-02
  6.720888409583906e-02  3.686806052915280e-02  3.034082356668625e-02
  2.464594040083736e+01  2.854556098929076e+02  2.863464572870128e+02
  2.863464572870128e+02  2.863464572870128e+02  6.030438620026250e+00
  3.853505851553410e-01  4.554117358465916e-11  9.275909917979029e-10
  1.332610074476893e-08  7.477298960086760e-10  1.769475744415797e-12
  1.130373430658440e-08  1.920913309852361e+08  2.040995833266994e+08
  1.267438317788535e+06  2.751219159346486e-10  5.851880485856333e-10
  1.894193406650545e-11  1.555520758068191e-11  2.978879048024121e-10
  1.683814236651068e-12]
