[ 3.874026126500822e+02  3.529126839586437e+03  2.337404810740047e-06
  3.132746038675897e-06  6.220520122331830e+00  7.975055869388546e-02
  5.931340819516430e+05  1.166199120467732e+04  1.747694027906432e+01
  2.103654796276927e-06  1.466960070484208e-06  1.216992553197106e-01
 -4.203066525885703e-09  5.508974981727333e-06  4.704755112029395e-06
 -1.136251619007201e-15 -2.671111211312320e-18 -3.689211422977652e-16
  2.673899758250203e-01  6.907677669324810e-02  7.648048966859783e-03
  5.656315230300891e-02  1.049504093074619e-01  3.841765107320795e-06
  1.335204232950462e-05  1.679878712712797e-06  3.976533938319350e+04
  6.628760507716946e+05  3.575845482943765e-04  5.281049424425408e-02
  2.507726039807895e-03  4.824084063328644e+01  2.428694066980996e+02
  4.282164817652065e+00  3.094588299953350e+02 -1.280119817600342e-02
  4.647273252818648e-09 -1.400976656872721e-03 -7.772646688138747e+00
  2.854547606130786e+00  6.034326233504952e+01  2.414006425679658e-01
  1.124414681032627e+04  5.420254832813322e+09  4.021778304726347e-01
  3.480017378051936e-01  2.707311597616293e-01  6.041525265050942e-01
  1.188397576025936e-10  2.288452012662748e-10  2.376417995431893e-14
  3.634027262518924e-02  8.338960395889109e+01  6.719156120579287e-01
  4.689222368319157e+02  2.599703394338057e-08  1.206215581986981e-08
  1.501438053827504e-10  2.920889590892674e-09  9.852974838459471e+04
  1.011639086208387e+05  3.333415008379648e-05  9.840805733128921e-03
  2.152082589319735e+01  2.119897603969459e-02  4.154114026529022e-02
  2.732351778182044e-10  2.055125552000171e-10  6.376785716615482e-03
  2.694835934932375e-04  1.057504622274261e-02  1.153380608419764e-02
  6.701020197847365e-02  3.683605631276111e-02  3.017414566571255e-02
  2.464586929893034e+01  2.854535941415561e+02  2.863426404466489e+02
  2.863426404466489e+02  2.863426404466489e+02  6.028645091391168e+00
  3.852828419406714e-01  4.556228404784120e-11  9.310862144881152e-10
  1.338529137557313e-08  7.480203135500469e-10  1.770061528311908e-12
  1.131187151018232e-08  1.920616334889000e+08  2.042939450247211e+08
  1.269256242560067e+06  2.754437081203708e-10  5.853482805593579e-10
  1.894065181206946e-11  1.555852005756773e-11  2.981915864163718e-10
  1.685014549614352e-12]
