[ 3.864002249197604e+02  3.451458796039719e+03  2.305884265830826e-06
  3.109431374557652e-06  6.208145465448210e+00  8.052194699917983e-02
  5.928159292538804e+05  1.165135581322724e+04  1.747085214021552e+01
  2.098734081748084e-06  1.474691123901260e-06  1.216193860480792e-01
 -4.201166613244785e-09  5.505093342993879e-06  4.708679588822613e-06
 -1.140945703940828e-15 -2.660936945060940e-18 -3.661462615714501e-16
  2.673477563478904e-01  6.893108210582438e-02  7.697395882588069e-03
  5.633647848715573e-02  1.050159672287172e-01  3.837468896980292e-06
  1.333290847751044e-05  1.687480593247770e-06  3.968161248222308e+04
  6.615180615825262e+05  3.570121065050472e-04  5.250138732518027e-02
  2.507699969767351e-03  4.824056933758622e+01  2.428694064702353e+02
  4.282225751444388e+00  3.094573837094816e+02 -1.281148944915647e-02
  4.640398723602371e-09 -1.401011623791836e-03 -7.777081288710809e+00
  2.854780185352197e+00  6.034555193229697e+01  2.414485075503001e-01
  1.124414687285254e+04  5.416981658325149e+09  4.017581285318743e-01
  3.479805456791157e-01  2.703787278848656e-01  6.034935478219620e-01
  1.188072210100975e-10  2.289314399825156e-10  2.377154799389735e-14
  3.633944777275716e-02  8.339103250622594e+01  6.719164369103608e-01
  4.681188377511171e+02  2.608222967384559e-08  1.201754577081132e-08
  1.484658949053483e-10  2.935014497586411e-09  9.852974723698579e+04
  1.011639602907536e+05  3.333488691542189e-05  9.841783600309205e-03
  2.152130164408239e+01  2.120002680195019e-02  4.154112088250827e-02
  2.733229485698242e-10  2.053921138460756e-10  6.386556831173612e-03
  2.742535559548985e-04  1.049065836145409e-02  1.148060632698687e-02
  6.731345615262861e-02  3.690774435395477e-02  3.040571179867386e-02
  2.464565267251927e+01  2.854559263668270e+02  2.863456850083845e+02
  2.863456850083845e+02  2.863456850083845e+02  6.030682234712986e+00
  3.854211409289592e-01  4.555093156354626e-11  9.306969932809616e-10
  1.339252500563141e-08  7.474267728951668e-10  1.769580781701004e-12
  1.130185954743623e-08  1.920047021860270e+08  2.041788810165994e+08
  1.268172762731762e+06  2.752108929235164e-10  5.847962702249999e-10
  1.894491876587245e-11  1.555009734585679e-11  2.986863830940144e-10
  1.681333845298271e-12]
