[ 3.874687685250239e+02  3.571727983691816e+03  2.317578039422650e-06
  3.116686071671714e-06  6.190887585344049e+00  7.987615661582186e-02
  5.940435737647613e+05  1.169782993183987e+04  1.747474000159862e+01
  2.100843343440855e-06  1.467631823753716e-06  1.215728367538821e-01
 -4.192544571474829e-09  5.481754478578023e-06  4.702526401329369e-06
 -1.139156134183355e-15 -2.678926489420469e-18 -3.681891370051379e-16
  2.676709278102034e-01  6.878440529247234e-02  7.641883553302785e-03
  5.608533813624612e-02  1.048369409802492e-01  3.846754806089293e-06
  1.334171120194065e-05  1.685814982426517e-06  3.989405566184042e+04
  6.587519444233088e+05  3.554648377698460e-04  5.222584363495057e-02
  2.507668926389630e-03  4.824082582551257e+01  2.428694425124547e+02
  4.282104050849298e+00  3.094634973861674e+02 -1.285837171684751e-02
  4.638516736817016e-09 -1.402207339792025e-03 -7.791530301384512e+00
  2.861266396621624e+00  6.035270816000127e+01  2.413919192827950e-01
  1.124415479830226e+04  5.367766593226040e+09  4.017559773901919e-01
  3.474093846402027e-01  2.705886367838859e-01  6.035568778942714e-01
  1.187863488188084e-10  2.288147233042049e-10  2.384258763691913e-14
  3.633946670280769e-02  8.337895956781399e+01  6.719164179803103e-01
  4.680761241948227e+02  2.597489268693167e-08  1.206661286951496e-08
  1.484862132565636e-10  2.936053389164402e-09  9.852974117745031e+04
  1.011639746594378e+05  3.332995289103419e-05  9.842402765033093e-03
  2.149734794111154e+01  2.119857527237320e-02  4.154116926043548e-02
  2.731253382184489e-10  2.060845376798942e-10  6.379599831583836e-03
  2.604744635738335e-04  1.046065130721472e-02  1.144137895720452e-02
  6.700242423479970e-02  3.682653004234278e-02  3.017589419245692e-02
  2.464528131508113e+01  2.854560910989450e+02  2.863461806329800e+02
  2.863461806329800e+02  2.863461806329800e+02  6.030128159977636e+00
  3.854607354424320e-01  4.553341235152981e-11  9.271091095392477e-10
  1.331507597835469e-08  7.473796731955944e-10  1.770756111643091e-12
  1.130469376673975e-08  1.920863199728751e+08  2.039929592290057e+08
  1.266919942256440e+06  2.751424050223352e-10  5.855205837707471e-10
  1.894515421421969e-11  1.554625227672832e-11  2.987378326063916e-10
  1.685342212190688e-12]
