[ 4.042391251991643e+02  3.595531133892946e+03  2.338911601869601e-06
  3.141947055584059e-06  6.217640650789208e+00  7.980050748493690e-02
  5.965782546893099e+05  1.169148335519950e+04  1.747532624374442e+01
  2.104420660878217e-06  1.468886165067348e-06  1.215886463238796e-01
 -4.183456674732566e-09  5.462680522263388e-06  4.699337200259540e-06
 -1.132128626759700e-15 -2.671033110817890e-18 -3.660036002438838e-16
  2.670022780054851e-01  6.904353236302005e-02  7.661813367438353e-03
  5.669942274299549e-02  1.048837010739177e-01  3.838991957946498e-06
  1.328361342081194e-05  1.693766038664250e-06  3.985370309988155e+04
  6.605007883193715e+05  3.565129974880200e-04  5.244543420411123e-02
  2.507668180359084e-03  4.824050350030457e+01  2.428695131139742e+02
  4.282148823659358e+00  3.094630798764564e+02 -1.264622358017997e-02
  4.639576554124449e-09 -1.401521643011206e-03 -7.736494970357094e+00
  2.856037406971324e+00  6.034893780104326e+01  2.414783266005112e-01
  1.124414965864022e+04  5.406920335466925e+09  4.021322840172655e-01
  3.487204620426507e-01  2.706581361246864e-01  6.045548943086257e-01
  1.189042527636385e-10  2.287987041783595e-10  2.379854384044621e-14
  3.633930786254560e-02  8.333783009697041e+01  6.719165768205724e-01
  4.685236633054717e+02  2.589515027141825e-08  1.200095307182776e-08
  1.529863726794072e-10  2.928669788776741e-09  9.852974298875190e+04
  1.011639488813643e+05  3.331356536990705e-05  9.841787245320702e-03
  2.145896939694885e+01  2.119862260117098e-02  4.154115193979913e-02
  2.731491690317004e-10  2.058856647518505e-10  6.358315992060855e-03
  2.649045328832567e-04  1.050313874339001e-02  1.150019093671274e-02
  6.712174065187264e-02  3.695197520672974e-02  3.016976544514292e-02
  2.464554382348840e+01  2.854558708842468e+02  2.863447294056721e+02
  2.863447294056721e+02  2.863447294056721e+02  6.030413488677110e+00
  3.852441562803496e-01  4.551677495293905e-11  9.293664722591976e-10
  1.336284497061531e-08  7.471662954031656e-10  1.769344070930336e-12
  1.129570427319394e-08  1.920844888490429e+08  2.041611332627138e+08
  1.267304672037609e+06  2.749392997889207e-10  5.851324526626928e-10
  1.895352184538148e-11  1.554803466924013e-11  2.977026963478063e-10
  1.686591823328814e-12]
