[ 3.958905635484784e+02  3.513400974631603e+03  2.342671389888008e-06
  3.101572916303941e-06  6.210811802287513e+00  7.975836011461362e-02
  5.977063694945888e+05  1.171912158888019e+04  1.746913306154790e+01
  2.109880489063491e-06  1.467899766611606e-06  1.216705600859791e-01
 -4.177748357665993e-09  5.455733213774885e-06  4.692127650749288e-06
 -1.133548162768703e-15 -2.664697476359491e-18 -3.673020724692506e-16
  2.671227343131317e-01  6.903361270640287e-02  7.666609857182811e-03
  5.620835212518815e-02  1.047558758459939e-01  3.840715442926315e-06
  1.329751114225334e-05  1.690118628388416e-06  3.993729921213584e+04
  6.620202467982451e+05  3.585669796342145e-04  5.304137750437207e-02
  2.507683277940820e-03  4.824191959739345e+01  2.428694626628865e+02
  4.282327101640201e+00  3.094627040760310e+02 -1.282654187044168e-02
  4.651800985834335e-09 -1.400819775900835e-03 -7.774886063755086e+00
  2.853827082575483e+00  6.034569022971017e+01  2.414010515720663e-01
  1.124415051581170e+04  5.398866181281497e+09  4.016892989736582e-01
  3.478566408744028e-01  2.703409025340525e-01  6.032205212295871e-01
  1.188556932640086e-10  2.289523400629669e-10  2.381826325565842e-14
  3.633955802566337e-02  8.336626919878722e+01  6.719163266574546e-01
  4.687710737490245e+02  2.592665653420702e-08  1.196251330775400e-08
  1.477336534578443e-10  2.930697619459954e-09  9.852974441157133e+04
  1.011639472752711e+05  3.332496901803291e-05  9.841614780629181e-03
  2.153497657974952e+01  2.120001366189629e-02  4.154115549953204e-02
  2.731920237865371e-10  2.056652635223293e-10  6.385814956340018e-03
  2.744337645337917e-04  1.044785966598872e-02  1.152008818215089e-02
  6.698985458351946e-02  3.694923660133962e-02  3.004061798217984e-02
  2.464568797718873e+01  2.854560100826714e+02  2.863471796068523e+02
  2.863471796068523e+02  2.863471796068523e+02  6.029650025280267e+00
  3.852769066996096e-01  4.550656288522468e-11  9.307367008526998e-10
  1.337638858110651e-08  7.469179939997285e-10  1.769822539575025e-12
  1.129546113684166e-08  1.919670370435751e+08  2.043409904608620e+08
  1.267540881912817e+06  2.748917356098272e-10  5.847801944696672e-10
  1.893721133342340e-11  1.554582245836582e-11  2.986428396816527e-10
  1.686728232695334e-12]
