[ 3.898081826507802e+02  3.561405560393429e+03  2.333753321854231e-06
  3.133801372978028e-06  6.215893927872910e+00  7.917741164152069e-02
  5.925149653940700e+05  1.165138189904137e+04  1.747272655465153e+01
  2.106421157135232e-06  1.457982837386495e-06  1.215925527319267e-01
 -4.193043927138284e-09  5.487204280600304e-06  4.711950357771971e-06
 -1.135147700128814e-15 -2.670787757035884e-18 -3.668047832195251e-16
  2.666949493814576e-01  6.900307525254154e-02  7.602477921938208e-03
  5.635937704271247e-02  1.048054533786476e-01  3.843385848983011e-06
  1.328716234173483e-05  1.692715149670138e-06  3.972875588353041e+04
  6.586699334923726e+05  3.572317842551265e-04  5.275597789538170e-02
  2.507698148459139e-03  4.824075007534199e+01  2.428693992085832e+02
  4.282235224988121e+00  3.094683211488011e+02 -1.282834427693801e-02
  4.646848408845369e-09 -1.401079343308117e-03 -7.780427355574795e+00
  2.854412953396937e+00  6.034658085849667e+01  2.414406274750821e-01
  1.124414855117929e+04  5.394732651038094e+09  4.013444564343308e-01
  3.481156454727595e-01  2.707276098436767e-01  6.033741468597333e-01
  1.187985665734027e-10  2.289328260581117e-10  2.375369240123105e-14
  3.633964228834911e-02  8.339755841382988e+01  6.719162423947689e-01
  4.683230009541069e+02  2.594933683594851e-08  1.200851498281274e-08
  1.515351329481488e-10  2.911679601648599e-09  9.852974835839284e+04
  1.011639421114355e+05  3.333736548658180e-05  9.841441787921072e-03
  2.153618316518813e+01  2.119938213926114e-02  4.154100405321562e-02
  2.732644596705857e-10  2.060670170651603e-10  6.348643494821336e-03
  2.477707066195972e-04  1.051940859643053e-02  1.138760887326697e-02
  6.699182137955303e-02  3.692146901148165e-02  3.007035236807136e-02
  2.464600101573668e+01  2.854552142907113e+02  2.863464610424223e+02
  2.863464610424223e+02  2.863464610424223e+02  6.029422809215679e+00
  3.853958140092385e-01  4.554516880336675e-11  9.286652925115072e-10
  1.334769265411351e-08  7.478608302852963e-10  1.769157588657893e-12
  1.130779395351199e-08  1.919887056775196e+08  2.044000882161474e+08
  1.268003059637616e+06  2.752277161377208e-10  5.854059329887740e-10
  1.894560747557799e-11  1.555568407608583e-11  2.983632127001273e-10
  1.681180001353834e-12]
