[ 3.825311730914958e+02  3.588664269217612e+03  2.327498417779584e-06
  3.127391666146214e-06  6.209833470118037e+00  7.978529419204486e-02
  5.963714308244381e+05  1.158841203645391e+04  1.747264439676774e+01
  2.102186093052545e-06  1.463859232588483e-06  1.216940590329443e-01
 -4.220928060449305e-09  5.530098722953516e-06  4.716384868117139e-06
 -1.138364100905048e-15 -2.665985505026015e-18 -3.685020587320565e-16
  2.672388806745574e-01  6.899566338956077e-02  7.676294726087523e-03
  5.619804266337868e-02  1.048011798559908e-01  3.844171614245497e-06
  1.335130327755302e-05  1.681680589016247e-06  3.948416079578020e+04
  6.630822941329029e+05  3.548132226735067e-04  5.192138414185792e-02
  2.507720805397848e-03  4.824188932414081e+01  2.428694418066218e+02
  4.282313577163922e+00  3.094582577164265e+02 -1.273002326536720e-02
  4.635526695477162e-09 -1.401073129277609e-03 -7.750747029305171e+00
  2.852223006320046e+00  6.035045603580942e+01  2.414343238607665e-01
  1.124414988912509e+04  5.405157515913630e+09  4.019955781714917e-01
  3.485721876981104e-01  2.707827345129084e-01  6.042041601746464e-01
  1.188547683906981e-10  2.288495857656162e-10  2.376109713428144e-14
  3.633943520449250e-02  8.334599400621484e+01  6.719164494786255e-01
  4.684564054778028e+02  2.602192880327165e-08  1.204920190643990e-08
  1.544722637670965e-10  2.946084561088021e-09  9.852974805304004e+04
  1.011639469446231e+05  3.331684347459542e-05  9.842351288871532e-03
  2.153376910248616e+01  2.119999661272978e-02  4.154110282707769e-02
  2.732132003552479e-10  2.057789594808066e-10  6.373869522483570e-03
  2.826483391277434e-04  1.053380436336097e-02  1.144962105470610e-02
  6.711721370359247e-02  3.692832325679416e-02  3.018889044679829e-02
  2.464571067588310e+01  2.854558600433808e+02  2.863464115485440e+02
  2.863464115485440e+02  2.863464115485440e+02  6.029737074060856e+00
  3.855268626788745e-01  4.550815101683623e-11  9.282514103278388e-10
  1.333634413221627e-08  7.485250639198786e-10  1.773207831885334e-12
  1.131660686219101e-08  1.920413687489853e+08  2.044345410495151e+08
  1.268427642685781e+06  2.748722797647370e-10  5.848907697268099e-10
  1.892867807425703e-11  1.555681828973674e-11  2.980175985104325e-10
  1.682334548419529e-12]
