[ 3.866637096187130e+02  3.579648694579754e+03  2.318189964853670e-06
  3.114543483790027e-06  6.207948727393978e+00  8.005916757323447e-02
  5.934380967246023e+05  1.159932088964453e+04  1.747298347570577e+01
  2.099042608207918e-06  1.468795955724155e-06  1.216164390785863e-01
 -4.184433068062207e-09  5.493405905976869e-06  4.702180780513325e-06
 -1.131237570846430e-15 -2.668323891957726e-18 -3.661462747827854e-16
  2.669592176358648e-01  6.893769253441838e-02  7.679931685164277e-03
  5.686836673088802e-02  1.046756840586825e-01  3.822773826454291e-06
  1.328376755851661e-05  1.680866511409683e-06  3.955046750343455e+04
  6.599409365372623e+05  3.567667449710026e-04  5.249238806535540e-02
  2.507728828445470e-03  4.824078253266429e+01  2.428692863689801e+02
  4.282173843338239e+00  3.094632119931006e+02 -1.281218632115938e-02
  4.644270818887362e-09 -1.400915871129377e-03 -7.769245198605688e+00
  2.852031584261026e+00  6.035174171462833e+01  2.413086095493520e-01
  1.124414591220927e+04  5.408784480723212e+09  4.016379777612678e-01
  3.482556812359222e-01  2.705732501593749e-01  6.042186554473410e-01
  1.188466891964234e-10  2.289119182929786e-10  2.382493292392534e-14
  3.633993368907244e-02  8.332552166097520e+01  6.719159509940456e-01
  4.687353786935220e+02  2.583193230785572e-08  1.209602043236964e-08
  1.515458149566585e-10  2.912887366839970e-09  9.852974577741344e+04
  1.011639683718267e+05  3.330871807045646e-05  9.842190978424188e-03
  2.152517250736254e+01  2.119919742524929e-02  4.154096584080789e-02
  2.731867523868070e-10  2.053250378701168e-10  6.398111009185546e-03
  2.808802893116326e-04  1.042245203852165e-02  1.147467667978066e-02
  6.692940654079343e-02  3.681288738599674e-02  3.011651915479670e-02
  2.464576667882968e+01  2.854553012410308e+02  2.863449427560176e+02
  2.863449427560176e+02  2.863449427560176e+02  6.030349819891420e+00
  3.858033479989886e-01  4.551362665636492e-11  9.323690269332157e-10
  1.340867187593606e-08  7.476804898854421e-10  1.770862182766877e-12
  1.130560906916756e-08  1.920398594055708e+08  2.041981820471751e+08
  1.269230000057454e+06  2.749380632162370e-10  5.853498920005349e-10
  1.894841831507860e-11  1.555503984315951e-11  2.995462727520060e-10
  1.683626004669596e-12]
