[ 3.851725415161003e+02  3.622936049580008e+03  2.342558227267538e-06
  3.134108282748138e-06  6.205428992156240e+00  7.986287734198126e-02
  5.910358326167205e+05  1.164444337477441e+04  1.747251372663958e+01
  2.102384820705371e-06  1.463620200209966e-06  1.215472399093224e-01
 -4.187326885345228e-09  5.483910643101162e-06  4.738919696481743e-06
 -1.133206113970344e-15 -2.675232577483165e-18 -3.665437543840197e-16
  2.670699178313760e-01  6.885688289180676e-02  7.635051242307410e-03
  5.612645146156171e-02  1.047022272167644e-01  3.850734021941617e-06
  1.333891772389151e-05  1.687611356684236e-06  3.970027348716940e+04
  6.596608550133369e+05  3.614668111439047e-04  5.381708784593142e-02
  2.507652469392212e-03  4.824090526672489e+01  2.428694401135453e+02
  4.282234663070127e+00  3.094636159464727e+02 -1.270204334437428e-02
  4.630757902387510e-09 -1.400987558773764e-03 -7.747797176474270e+00
  2.852754674107421e+00  6.034980535866234e+01  2.414419995959726e-01
  1.124415028397489e+04  5.404068455720976e+09  4.015191159763697e-01
  3.478275223428687e-01  2.708920015479606e-01  6.040346725624151e-01
  1.188457613631006e-10  2.289360347705403e-10  2.382730759589969e-14
  3.633949087338710e-02  8.342662980814947e+01  6.719163938097309e-01
  4.687607808267967e+02  2.594129953420892e-08  1.203680527024376e-08
  1.481260220432813e-10  2.934024582379445e-09  9.852973947799928e+04
  1.011639247104151e+05  3.334909264865998e-05  9.841628322274467e-03
  2.157097549576661e+01  2.119948038324226e-02  4.154096567131406e-02
  2.733229888816610e-10  2.056861810726805e-10  6.380486064685057e-03
  2.545169261363442e-04  1.045437212179002e-02  1.146964915583004e-02
  6.705501189188288e-02  3.695372381700920e-02  3.010128807487367e-02
  2.464516852020082e+01  2.854560541534416e+02  2.863476527953719e+02
  2.863476527953719e+02  2.863476527953719e+02  6.029165539705893e+00
  3.859076380783822e-01  4.556667308074212e-11  9.298936215307645e-10
  1.337513627029271e-08  7.480252648236315e-10  1.768399535313648e-12
  1.131130639659448e-08  1.922997945795265e+08  2.040496560450522e+08
  1.268665206481149e+06  2.752249180855229e-10  5.854759342022729e-10
  1.895887174765630e-11  1.555639084767727e-11  2.983756120106835e-10
  1.686372383379780e-12]
