[ 3.866473504842880e+02  3.551994037109611e+03  2.338290139417227e-06
  3.113734094011325e-06  6.215923517633053e+00  8.080451732675616e-02
  5.923365756665294e+05  1.170818953274890e+04  1.747002263039053e+01
  2.106095041724044e-06  1.477864860105752e-06  1.217149561257136e-01
 -4.189279096291867e-09  5.486969422685688e-06  4.736314577211037e-06
 -1.138680539246675e-15 -2.664048323640037e-18 -3.637702396262031e-16
  2.670511038894291e-01  6.903680171147024e-02  7.711442741134226e-03
  5.647067936739421e-02  1.048490655611048e-01  3.853316714284358e-06
  1.334199835655341e-05  1.694947490338893e-06  3.988992455411240e+04
  6.577004571571026e+05  3.597984448355548e-04  5.336903289096213e-02
  2.507716242406372e-03  4.824113949066351e+01  2.428694451813276e+02
  4.282144273717573e+00  3.094674953978311e+02 -1.260049757802377e-02
  4.629354289496660e-09 -1.401176109982242e-03 -7.717816771623120e+00
  2.854731093000497e+00  6.034896396935362e+01  2.413047709334448e-01
  1.124414899237320e+04  5.375656067787997e+09  4.017416910122270e-01
  3.488743975660725e-01  2.711139285032469e-01  6.047482824446360e-01
  1.187814700995432e-10  2.289479120944336e-10  2.375713287909537e-14
  3.633896589279404e-02  8.337324603177942e+01  6.719169187903240e-01
  4.682954048596370e+02  2.596185627587190e-08  1.196352745123746e-08
  1.499821476198067e-10  2.940033604782093e-09  9.852974762613105e+04
  1.011639508257396e+05  3.332772850854060e-05  9.841835014865854e-03
  2.156531330890508e+01  2.119896014817189e-02  4.154118097966968e-02
  2.731978341877382e-10  2.055901597752776e-10  6.376435969351994e-03
  2.736265793186318e-04  1.049214735570697e-02  1.140002711711174e-02
  6.731865280737510e-02  3.696175217713180e-02  3.035690063024331e-02
  2.464589443973654e+01  2.854561135843830e+02  2.863472223589700e+02
  2.863472223589700e+02  2.863472223589700e+02  6.030681039602173e+00
  3.851904707442134e-01  4.551838133745886e-11  9.269315828930057e-10
  1.331582512930860e-08  7.476699495933092e-10  1.768874218345731e-12
  1.130376653699925e-08  1.919449335969713e+08  2.039391808955378e+08
  1.267050727029110e+06  2.750052020873128e-10  5.846882727723096e-10
  1.894279096609332e-11  1.555091914691044e-11  2.977688524700362e-10
  1.683118936042775e-12]
