[ 3.892678295603055e+02  3.620664729121094e+03  2.297641120116777e-06
  3.122207532032975e-06  6.206157629241757e+00  7.946521633979182e-02
  5.957884192321638e+05  1.165403531291435e+04  1.747505967467512e+01
  2.105576784605481e-06  1.463888437748769e-06  1.216018511450033e-01
 -4.183784522478211e-09  5.487771367371708e-06  4.707430171535054e-06
 -1.135464902553806e-15 -2.676001967081661e-18 -3.676079059256375e-16
  2.672916198411452e-01  6.891275798832656e-02  7.633452785494313e-03
  5.648975869429717e-02  1.048332655652496e-01  3.834874162350181e-06
  1.327954967471933e-05  1.687566896223411e-06  3.970447447471647e+04
  6.631797814965795e+05  3.611377870864648e-04  5.375603172072641e-02
  2.507802724611107e-03  4.824412534818774e+01  2.428692995028788e+02
  4.282118891467814e+00  3.094583409112752e+02 -1.266007081325314e-02
  4.631107473367122e-09 -1.401025581466639e-03 -7.738667144201344e+00
  2.850894855028403e+00  6.034472989217659e+01  2.414328852077704e-01
  1.124414528413238e+04  5.410268500235959e+09  4.016850900122493e-01
  3.483198310947200e-01  2.704270481329143e-01  6.034446290309391e-01
  1.187471222332060e-10  2.289128178872130e-10  2.380313823320577e-14
  3.633922881151747e-02  8.331597535558883e+01  6.719166558716005e-01
  4.688140510894834e+02  2.586556853600549e-08  1.202487552365198e-08
  1.497950071145920e-10  2.950304948326310e-09  9.852974941893786e+04
  1.011639477582098e+05  3.330489684762551e-05  9.842094518748888e-03
  2.150075147055656e+01  2.119950747140887e-02  4.154107166444815e-02
  2.732934861881384e-10  2.053809072943253e-10  6.381425943144096e-03
  2.739444048285569e-04  1.050526907474416e-02  1.142574169515962e-02
  6.688017922286607e-02  3.689375277825245e-02  2.998642644461364e-02
  2.464629671227432e+01  2.854541533065324e+02  2.863434671816033e+02
  2.863434671816033e+02  2.863434671816033e+02  6.029334842829731e+00
  3.852714299829015e-01  4.553417213021040e-11  9.285957811781696e-10
  1.334295338452836e-08  7.477059511667208e-10  1.770465914685334e-12
  1.131196571839422e-08  1.920123727943445e+08  2.040753753443299e+08
  1.268107535463638e+06  2.749427911695418e-10  5.852413485267680e-10
  1.894959398063466e-11  1.555389742693702e-11  2.985855458372080e-10
  1.686824294326175e-12]
