[ 3.956964413292442e+02  3.499854118605654e+03  2.309866202423095e-06
  3.120081155476637e-06  6.202963916028490e+00  8.002645924021459e-02
  5.961027859590139e+05  1.164244839677529e+04  1.747833497951022e+01
  2.104024869744220e-06  1.474489525966852e-06  1.216764659211251e-01
 -4.197993104946116e-09  5.489764564773328e-06  4.730411588676519e-06
 -1.136266191390311e-15 -2.672144784233770e-18 -3.683371682233912e-16
  2.674274081261493e-01  6.891337449260131e-02  7.661083051361870e-03
  5.625395752717171e-02  1.047981384215558e-01  3.848038250750080e-06
  1.333392909172254e-05  1.687732473868196e-06  3.969899899163809e+04
  6.652424613525594e+05  3.562634261005983e-04  5.236828171099717e-02
  2.507654220177167e-03  4.824187339953411e+01  2.428694306691562e+02
  4.282222057170362e+00  3.094643349015728e+02 -1.274743354928145e-02
  4.637041670034119e-09 -1.401202213605021e-03 -7.763548688933303e+00
  2.851979602702175e+00  6.034979750533050e+01  2.414278869100591e-01
  1.124415061608133e+04  5.457663079640283e+09  4.015199848388272e-01
  3.490272582018630e-01  2.709475379836220e-01  6.043982428968552e-01
  1.187857028780731e-10  2.288722982034885e-10  2.375876928524475e-14
  3.633952727784028e-02  8.340866690751196e+01  6.719163574052777e-01
  4.682541323328285e+02  2.597345717694853e-08  1.202161379884654e-08
  1.493440786984707e-10  2.926731120117701e-09  9.852974269790824e+04
  1.011639464485464e+05  3.334190850575839e-05  9.840881953227970e-03
  2.151487612922706e+01  2.119900477214343e-02  4.154115172520206e-02
  2.732845153750195e-10  2.053824400456063e-10  6.397553221292350e-03
  2.625502129789579e-04  1.045188522545661e-02  1.152716937815208e-02
  6.715307391251563e-02  3.690477401768716e-02  3.024829989482845e-02
  2.464554296161876e+01  2.854568998999187e+02  2.863465821136696e+02
  2.863465821136696e+02  2.863465821136696e+02  6.030790844898107e+00
  3.854218222212192e-01  4.553506861387532e-11  9.293068704362685e-10
  1.334706448867550e-08  7.476441677176292e-10  1.769940551220190e-12
  1.130069695457010e-08  1.920818287654755e+08  2.042364298782222e+08
  1.267785335180143e+06  2.750306743580047e-10  5.858081825146988e-10
  1.896677372423063e-11  1.555990229418585e-11  2.988234327066467e-10
  1.687283282582814e-12]
