[ 3.968287219442339e+02  3.478112197798594e+03  2.347458982255555e-06
  3.119507292947834e-06  6.204134653563041e+00  8.019129405048950e-02
  5.915672396624516e+05  1.168716835359834e+04  1.747933801551794e+01
  2.108223957987073e-06  1.470937244371455e-06  1.216283524851198e-01
 -4.194447949913548e-09  5.481972150102523e-06  4.717578001518952e-06
 -1.139818676723976e-15 -2.663174689731969e-18 -3.666216845319560e-16
  2.673610931250268e-01  6.895235373472684e-02  7.668914103222149e-03
  5.639884346187683e-02  1.047092503447074e-01  3.859319826043243e-06
  1.330523919662232e-05  1.697092984651307e-06  3.983081121033577e+04
  6.582590881944895e+05  3.582138109154413e-04  5.292046145588022e-02
  2.507718590669873e-03  4.824171077759080e+01  2.428693831564660e+02
  4.282225897648276e+00  3.094649810327090e+02 -1.266507280707349e-02
  4.635868397670959e-09 -1.401229916384202e-03 -7.732777836038552e+00
  2.852273033690090e+00  6.034962328199180e+01  2.415591503037633e-01
  1.124415152345096e+04  5.374921019963138e+09  4.021812052151826e-01
  3.478062186285585e-01  2.709204187059864e-01  6.045470335949609e-01
  1.188329771313993e-10  2.290383671989427e-10  2.376936424973730e-14
  3.633994603700183e-02  8.338864004414896e+01  6.719159386461162e-01
  4.684251281031972e+02  2.609798362726079e-08  1.199187862157486e-08
  1.479830042303231e-10  2.917034921850167e-09  9.852974661532170e+04
  1.011639594198724e+05  3.333383342692136e-05  9.842220506675457e-03
  2.151795129072998e+01  2.119830482026652e-02  4.154103474193793e-02
  2.731705463750545e-10  2.050675036857900e-10  6.376452631719841e-03
  2.653594133222425e-04  1.047288952867340e-02  1.148792554988001e-02
  6.736933084780909e-02  3.708170382045882e-02  3.028762702735028e-02
  2.464551631204349e+01  2.854565583686602e+02  2.863470558509188e+02
  2.863470558509188e+02  2.863470558509188e+02  6.030891763616099e+00
  3.854245133676685e-01  4.560495312628178e-11  9.309979844017945e-10
  1.338783221426685e-08  7.473815944475154e-10  1.768149673916713e-12
  1.130040518025841e-08  1.922237540322692e+08  2.041145805392635e+08
  1.268146605835305e+06  2.755487506378764e-10  5.859268974629854e-10
  1.894077953191295e-11  1.555424156246961e-11  2.987725964493905e-10
  1.681038113475819e-12]
